condition,mode,speed_factor,original_midi,original_note,source,source_type,midi_gt,midi_pred,midi_correct,midi_within_1,midi_pc_correct,midi_octave_correct,spn_gt,spn_pred,spn_correct,spn_pc_correct,spn_octave_correct,doremi_gt,doremi_pred,doremi_correct,hz_correct,any_correct,raw_midi,raw_spn,raw_doremi,raw_hz,audio_url,audio_file,prompt_midi,prompt_spn,prompt_doremi,prompt_hz
resample_0.5x,resample,0.5,36,C2,sine,waveform,48,31,0,0,0,0,C3,C5,0,1,0,do,sol#,0,0,0,31,C5,sol#,1046,/home/hsnu2/PitchBench/data/analysis_audio/pitchbench_e4_time_stretching/C2_sine_3000ms_resample_0p50x.wav,C2_sine_3000ms_resample_0p50x.wav,Listen to this audio clip of a single musical note. The recording may have been sped up or slowed down. Identify the PITCH of the note as it sounds in the audio. What is the MIDI note number (an integer from 0 to 127)? Reply with ONLY the integer. Nothing else. Output only the answer.,"Listen to this audio clip of a single musical note. The recording may have been sped up or slowed down. Identify the PITCH of the note as it sounds in the audio. What is the note name and octave? Reply with ONLY the note name in Scientific Pitch Notation (e.g. C4, F#3, Bb5). Nothing else. Output only the answer.","Listen to this audio clip of a single musical note. The recording may have been sped up or slowed down. Identify the PITCH of the note as it sounds in the audio. What is the solfege syllable and accidental (if needed) of this pitch? Use fixed-do (do=C, re=D, mi=E, fa=F, sol=G, la=A, si=B). Include sharps or flats when needed (e.g. do#, reb, fa#, sib). Do NOT include the octave. Reply with ONLY the syllable and accidental (if needed). Nothing else. Output only the answer.","Listen to this audio clip of a single musical note. The recording may have been sped up or slowed down. Identify the PITCH of the note as it sounds in the audio. What is the main pitch frequency, expressed in Hertz? Reply with ONLY a number (the frequency in Hz). Nothing else. Output only the answer."
resample_0.5x,resample,0.5,43,G2,sine,waveform,55,36,0,0,0,0,G3,F2,0,0,0,sol,sol#,0,0,0,36,F2,sol#,65.41,/home/hsnu2/PitchBench/data/analysis_audio/pitchbench_e4_time_stretching/G2_sine_3000ms_resample_0p50x.wav,G2_sine_3000ms_resample_0p50x.wav,Listen to this audio clip of a single musical note. The recording may have been sped up or slowed down. Identify the PITCH of the note as it sounds in the audio. What is the MIDI note number (an integer from 0 to 127)? Reply with ONLY the integer. Nothing else. Output only the answer.,"Listen to this audio clip of a single musical note. The recording may have been sped up or slowed down. Identify the PITCH of the note as it sounds in the audio. What is the note name and octave? Reply with ONLY the note name in Scientific Pitch Notation (e.g. C4, F#3, Bb5). Nothing else. Output only the answer.","Listen to this audio clip of a single musical note. The recording may have been sped up or slowed down. Identify the PITCH of the note as it sounds in the audio. What is the solfege syllable and accidental (if needed) of this pitch? Use fixed-do (do=C, re=D, mi=E, fa=F, sol=G, la=A, si=B). Include sharps or flats when needed (e.g. do#, reb, fa#, sib). Do NOT include the octave. Reply with ONLY the syllable and accidental (if needed). Nothing else. Output only the answer.","Listen to this audio clip of a single musical note. The recording may have been sped up or slowed down. Identify the PITCH of the note as it sounds in the audio. What is the main pitch frequency, expressed in Hertz? Reply with ONLY a number (the frequency in Hz). Nothing else. Output only the answer."
resample_0.5x,resample,0.5,48,C3,sine,waveform,60,60,1,1,1,1,C4,F#5,0,0,0,do,sol#,0,0,1,60,F#5,sol#,10,/home/hsnu2/PitchBench/data/analysis_audio/pitchbench_e4_time_stretching/C3_sine_3000ms_resample_0p50x.wav,C3_sine_3000ms_resample_0p50x.wav,Listen to this audio clip of a single musical note. The recording may have been sped up or slowed down. Identify the PITCH of the note as it sounds in the audio. What is the MIDI note number (an integer from 0 to 127)? Reply with ONLY the integer. Nothing else. Output only the answer.,"Listen to this audio clip of a single musical note. The recording may have been sped up or slowed down. Identify the PITCH of the note as it sounds in the audio. What is the note name and octave? Reply with ONLY the note name in Scientific Pitch Notation (e.g. C4, F#3, Bb5). Nothing else. Output only the answer.","Listen to this audio clip of a single musical note. The recording may have been sped up or slowed down. Identify the PITCH of the note as it sounds in the audio. What is the solfege syllable and accidental (if needed) of this pitch? Use fixed-do (do=C, re=D, mi=E, fa=F, sol=G, la=A, si=B). Include sharps or flats when needed (e.g. do#, reb, fa#, sib). Do NOT include the octave. Reply with ONLY the syllable and accidental (if needed). Nothing else. Output only the answer.","Listen to this audio clip of a single musical note. The recording may have been sped up or slowed down. Identify the PITCH of the note as it sounds in the audio. What is the main pitch frequency, expressed in Hertz? Reply with ONLY a number (the frequency in Hz). Nothing else. Output only the answer."
resample_0.5x,resample,0.5,54,F#3,sine,waveform,66,61,0,0,0,1,F#4,F#4,1,1,1,fa#,sol#,0,0,1,61,F#4,sol#,1,/home/hsnu2/PitchBench/data/analysis_audio/pitchbench_e4_time_stretching/Fs3_sine_3000ms_resample_0p50x.wav,Fs3_sine_3000ms_resample_0p50x.wav,Listen to this audio clip of a single musical note. The recording may have been sped up or slowed down. Identify the PITCH of the note as it sounds in the audio. What is the MIDI note number (an integer from 0 to 127)? Reply with ONLY the integer. Nothing else. Output only the answer.,"Listen to this audio clip of a single musical note. The recording may have been sped up or slowed down. Identify the PITCH of the note as it sounds in the audio. What is the note name and octave? Reply with ONLY the note name in Scientific Pitch Notation (e.g. C4, F#3, Bb5). Nothing else. Output only the answer.","Listen to this audio clip of a single musical note. The recording may have been sped up or slowed down. Identify the PITCH of the note as it sounds in the audio. What is the solfege syllable and accidental (if needed) of this pitch? Use fixed-do (do=C, re=D, mi=E, fa=F, sol=G, la=A, si=B). Include sharps or flats when needed (e.g. do#, reb, fa#, sib). Do NOT include the octave. Reply with ONLY the syllable and accidental (if needed). Nothing else. Output only the answer.","Listen to this audio clip of a single musical note. The recording may have been sped up or slowed down. Identify the PITCH of the note as it sounds in the audio. What is the main pitch frequency, expressed in Hertz? Reply with ONLY a number (the frequency in Hz). Nothing else. Output only the answer."
resample_0.5x,resample,0.5,58,A#3,sine,waveform,70,101,0,0,0,0,A#4,C6,0,0,0,la#,sol#,0,0,0,101,C6,sol#,1046.,/home/hsnu2/PitchBench/data/analysis_audio/pitchbench_e4_time_stretching/As3_sine_3000ms_resample_0p50x.wav,As3_sine_3000ms_resample_0p50x.wav,Listen to this audio clip of a single musical note. The recording may have been sped up or slowed down. Identify the PITCH of the note as it sounds in the audio. What is the MIDI note number (an integer from 0 to 127)? Reply with ONLY the integer. Nothing else. Output only the answer.,"Listen to this audio clip of a single musical note. The recording may have been sped up or slowed down. Identify the PITCH of the note as it sounds in the audio. What is the note name and octave? Reply with ONLY the note name in Scientific Pitch Notation (e.g. C4, F#3, Bb5). Nothing else. Output only the answer.","Listen to this audio clip of a single musical note. The recording may have been sped up or slowed down. Identify the PITCH of the note as it sounds in the audio. What is the solfege syllable and accidental (if needed) of this pitch? Use fixed-do (do=C, re=D, mi=E, fa=F, sol=G, la=A, si=B). Include sharps or flats when needed (e.g. do#, reb, fa#, sib). Do NOT include the octave. Reply with ONLY the syllable and accidental (if needed). Nothing else. Output only the answer.","Listen to this audio clip of a single musical note. The recording may have been sped up or slowed down. Identify the PITCH of the note as it sounds in the audio. What is the main pitch frequency, expressed in Hertz? Reply with ONLY a number (the frequency in Hz). Nothing else. Output only the answer."
resample_0.5x,resample,0.5,60,C4,sine,waveform,72,100,0,0,0,0,C5,C5,1,1,1,do,do#,0,0,1,100,C5,do#,311.,/home/hsnu2/PitchBench/data/analysis_audio/pitchbench_e4_time_stretching/C4_sine_3000ms_resample_0p50x.wav,C4_sine_3000ms_resample_0p50x.wav,Listen to this audio clip of a single musical note. The recording may have been sped up or slowed down. Identify the PITCH of the note as it sounds in the audio. What is the MIDI note number (an integer from 0 to 127)? Reply with ONLY the integer. Nothing else. Output only the answer.,"Listen to this audio clip of a single musical note. The recording may have been sped up or slowed down. Identify the PITCH of the note as it sounds in the audio. What is the note name and octave? Reply with ONLY the note name in Scientific Pitch Notation (e.g. C4, F#3, Bb5). Nothing else. Output only the answer.","Listen to this audio clip of a single musical note. The recording may have been sped up or slowed down. Identify the PITCH of the note as it sounds in the audio. What is the solfege syllable and accidental (if needed) of this pitch? Use fixed-do (do=C, re=D, mi=E, fa=F, sol=G, la=A, si=B). Include sharps or flats when needed (e.g. do#, reb, fa#, sib). Do NOT include the octave. Reply with ONLY the syllable and accidental (if needed). Nothing else. Output only the answer.","Listen to this audio clip of a single musical note. The recording may have been sped up or slowed down. Identify the PITCH of the note as it sounds in the audio. What is the main pitch frequency, expressed in Hertz? Reply with ONLY a number (the frequency in Hz). Nothing else. Output only the answer."
resample_0.5x,resample,0.5,64,E4,sine,waveform,76,71,0,0,0,0,E5,C6,0,0,0,mi,sol#,0,0,0,71,C6,sol#,110,/home/hsnu2/PitchBench/data/analysis_audio/pitchbench_e4_time_stretching/E4_sine_3000ms_resample_0p50x.wav,E4_sine_3000ms_resample_0p50x.wav,Listen to this audio clip of a single musical note. The recording may have been sped up or slowed down. Identify the PITCH of the note as it sounds in the audio. What is the MIDI note number (an integer from 0 to 127)? Reply with ONLY the integer. Nothing else. Output only the answer.,"Listen to this audio clip of a single musical note. The recording may have been sped up or slowed down. Identify the PITCH of the note as it sounds in the audio. What is the note name and octave? Reply with ONLY the note name in Scientific Pitch Notation (e.g. C4, F#3, Bb5). Nothing else. Output only the answer.","Listen to this audio clip of a single musical note. The recording may have been sped up or slowed down. Identify the PITCH of the note as it sounds in the audio. What is the solfege syllable and accidental (if needed) of this pitch? Use fixed-do (do=C, re=D, mi=E, fa=F, sol=G, la=A, si=B). Include sharps or flats when needed (e.g. do#, reb, fa#, sib). Do NOT include the octave. Reply with ONLY the syllable and accidental (if needed). Nothing else. Output only the answer.","Listen to this audio clip of a single musical note. The recording may have been sped up or slowed down. Identify the PITCH of the note as it sounds in the audio. What is the main pitch frequency, expressed in Hertz? Reply with ONLY a number (the frequency in Hz). Nothing else. Output only the answer."
resample_0.5x,resample,0.5,67,G4,sine,waveform,79,98,0,0,0,0,G5,F6,0,0,0,sol,fa#,0,0,0,98,F6,fa#,1,/home/hsnu2/PitchBench/data/analysis_audio/pitchbench_e4_time_stretching/G4_sine_3000ms_resample_0p50x.wav,G4_sine_3000ms_resample_0p50x.wav,Listen to this audio clip of a single musical note. The recording may have been sped up or slowed down. Identify the PITCH of the note as it sounds in the audio. What is the MIDI note number (an integer from 0 to 127)? Reply with ONLY the integer. Nothing else. Output only the answer.,"Listen to this audio clip of a single musical note. The recording may have been sped up or slowed down. Identify the PITCH of the note as it sounds in the audio. What is the note name and octave? Reply with ONLY the note name in Scientific Pitch Notation (e.g. C4, F#3, Bb5). Nothing else. Output only the answer.","Listen to this audio clip of a single musical note. The recording may have been sped up or slowed down. Identify the PITCH of the note as it sounds in the audio. What is the solfege syllable and accidental (if needed) of this pitch? Use fixed-do (do=C, re=D, mi=E, fa=F, sol=G, la=A, si=B). Include sharps or flats when needed (e.g. do#, reb, fa#, sib). Do NOT include the octave. Reply with ONLY the syllable and accidental (if needed). Nothing else. Output only the answer.","Listen to this audio clip of a single musical note. The recording may have been sped up or slowed down. Identify the PITCH of the note as it sounds in the audio. What is the main pitch frequency, expressed in Hertz? Reply with ONLY a number (the frequency in Hz). Nothing else. Output only the answer."
resample_0.5x,resample,0.5,69,A4,sine,waveform,81,96,0,0,0,0,A5,C5,0,0,1,la,mi,0,0,0,96,C5,mi,659.25,/home/hsnu2/PitchBench/data/analysis_audio/pitchbench_e4_time_stretching/A4_sine_3000ms_resample_0p50x.wav,A4_sine_3000ms_resample_0p50x.wav,Listen to this audio clip of a single musical note. The recording may have been sped up or slowed down. Identify the PITCH of the note as it sounds in the audio. What is the MIDI note number (an integer from 0 to 127)? Reply with ONLY the integer. Nothing else. Output only the answer.,"Listen to this audio clip of a single musical note. The recording may have been sped up or slowed down. Identify the PITCH of the note as it sounds in the audio. What is the note name and octave? Reply with ONLY the note name in Scientific Pitch Notation (e.g. C4, F#3, Bb5). Nothing else. Output only the answer.","Listen to this audio clip of a single musical note. The recording may have been sped up or slowed down. Identify the PITCH of the note as it sounds in the audio. What is the solfege syllable and accidental (if needed) of this pitch? Use fixed-do (do=C, re=D, mi=E, fa=F, sol=G, la=A, si=B). Include sharps or flats when needed (e.g. do#, reb, fa#, sib). Do NOT include the octave. Reply with ONLY the syllable and accidental (if needed). Nothing else. Output only the answer.","Listen to this audio clip of a single musical note. The recording may have been sped up or slowed down. Identify the PITCH of the note as it sounds in the audio. What is the main pitch frequency, expressed in Hertz? Reply with ONLY a number (the frequency in Hz). Nothing else. Output only the answer."
resample_0.5x,resample,0.5,72,C5,sine,waveform,84,79,0,0,0,0,C6,C5,0,1,0,do,sol#,0,0,0,79,C5,sol#,1108,/home/hsnu2/PitchBench/data/analysis_audio/pitchbench_e4_time_stretching/C5_sine_3000ms_resample_0p50x.wav,C5_sine_3000ms_resample_0p50x.wav,Listen to this audio clip of a single musical note. The recording may have been sped up or slowed down. Identify the PITCH of the note as it sounds in the audio. What is the MIDI note number (an integer from 0 to 127)? Reply with ONLY the integer. Nothing else. Output only the answer.,"Listen to this audio clip of a single musical note. The recording may have been sped up or slowed down. Identify the PITCH of the note as it sounds in the audio. What is the note name and octave? Reply with ONLY the note name in Scientific Pitch Notation (e.g. C4, F#3, Bb5). Nothing else. Output only the answer.","Listen to this audio clip of a single musical note. The recording may have been sped up or slowed down. Identify the PITCH of the note as it sounds in the audio. What is the solfege syllable and accidental (if needed) of this pitch? Use fixed-do (do=C, re=D, mi=E, fa=F, sol=G, la=A, si=B). Include sharps or flats when needed (e.g. do#, reb, fa#, sib). Do NOT include the octave. Reply with ONLY the syllable and accidental (if needed). Nothing else. Output only the answer.","Listen to this audio clip of a single musical note. The recording may have been sped up or slowed down. Identify the PITCH of the note as it sounds in the audio. What is the main pitch frequency, expressed in Hertz? Reply with ONLY a number (the frequency in Hz). Nothing else. Output only the answer."
resample_0.5x,resample,0.5,77,F5,sine,waveform,89,10,0,0,0,0,F6,C6,0,0,1,fa,sol#,0,0,0,10,C6,sol#,130,/home/hsnu2/PitchBench/data/analysis_audio/pitchbench_e4_time_stretching/F5_sine_3000ms_resample_0p50x.wav,F5_sine_3000ms_resample_0p50x.wav,Listen to this audio clip of a single musical note. The recording may have been sped up or slowed down. Identify the PITCH of the note as it sounds in the audio. What is the MIDI note number (an integer from 0 to 127)? Reply with ONLY the integer. Nothing else. Output only the answer.,"Listen to this audio clip of a single musical note. The recording may have been sped up or slowed down. Identify the PITCH of the note as it sounds in the audio. What is the note name and octave? Reply with ONLY the note name in Scientific Pitch Notation (e.g. C4, F#3, Bb5). Nothing else. Output only the answer.","Listen to this audio clip of a single musical note. The recording may have been sped up or slowed down. Identify the PITCH of the note as it sounds in the audio. What is the solfege syllable and accidental (if needed) of this pitch? Use fixed-do (do=C, re=D, mi=E, fa=F, sol=G, la=A, si=B). Include sharps or flats when needed (e.g. do#, reb, fa#, sib). Do NOT include the octave. Reply with ONLY the syllable and accidental (if needed). Nothing else. Output only the answer.","Listen to this audio clip of a single musical note. The recording may have been sped up or slowed down. Identify the PITCH of the note as it sounds in the audio. What is the main pitch frequency, expressed in Hertz? Reply with ONLY a number (the frequency in Hz). Nothing else. Output only the answer."
resample_0.5x,resample,0.5,84,C6,sine,waveform,96,103,0,0,0,1,C7,C6,0,1,0,do,sol#,0,0,0,103,C6,sol#,1046.5,/home/hsnu2/PitchBench/data/analysis_audio/pitchbench_e4_time_stretching/C6_sine_3000ms_resample_0p50x.wav,C6_sine_3000ms_resample_0p50x.wav,Listen to this audio clip of a single musical note. The recording may have been sped up or slowed down. Identify the PITCH of the note as it sounds in the audio. What is the MIDI note number (an integer from 0 to 127)? Reply with ONLY the integer. Nothing else. Output only the answer.,"Listen to this audio clip of a single musical note. The recording may have been sped up or slowed down. Identify the PITCH of the note as it sounds in the audio. What is the note name and octave? Reply with ONLY the note name in Scientific Pitch Notation (e.g. C4, F#3, Bb5). Nothing else. Output only the answer.","Listen to this audio clip of a single musical note. The recording may have been sped up or slowed down. Identify the PITCH of the note as it sounds in the audio. What is the solfege syllable and accidental (if needed) of this pitch? Use fixed-do (do=C, re=D, mi=E, fa=F, sol=G, la=A, si=B). Include sharps or flats when needed (e.g. do#, reb, fa#, sib). Do NOT include the octave. Reply with ONLY the syllable and accidental (if needed). Nothing else. Output only the answer.","Listen to this audio clip of a single musical note. The recording may have been sped up or slowed down. Identify the PITCH of the note as it sounds in the audio. What is the main pitch frequency, expressed in Hertz? Reply with ONLY a number (the frequency in Hz). Nothing else. Output only the answer."
resample_2x,resample,2.0,36,C2,sine,waveform,24,60,0,0,1,0,C1,F#4,0,0,0,do,sol#,0,0,0,60,F#4,sol#,65,/home/hsnu2/PitchBench/data/analysis_audio/pitchbench_e4_time_stretching/C2_sine_3000ms_resample_2p00x.wav,C2_sine_3000ms_resample_2p00x.wav,Listen to this audio clip of a single musical note. The recording may have been sped up or slowed down. Identify the PITCH of the note as it sounds in the audio. What is the MIDI note number (an integer from 0 to 127)? Reply with ONLY the integer. Nothing else. Output only the answer.,"Listen to this audio clip of a single musical note. The recording may have been sped up or slowed down. Identify the PITCH of the note as it sounds in the audio. What is the note name and octave? Reply with ONLY the note name in Scientific Pitch Notation (e.g. C4, F#3, Bb5). Nothing else. Output only the answer.","Listen to this audio clip of a single musical note. The recording may have been sped up or slowed down. Identify the PITCH of the note as it sounds in the audio. What is the solfege syllable and accidental (if needed) of this pitch? Use fixed-do (do=C, re=D, mi=E, fa=F, sol=G, la=A, si=B). Include sharps or flats when needed (e.g. do#, reb, fa#, sib). Do NOT include the octave. Reply with ONLY the syllable and accidental (if needed). Nothing else. Output only the answer.","Listen to this audio clip of a single musical note. The recording may have been sped up or slowed down. Identify the PITCH of the note as it sounds in the audio. What is the main pitch frequency, expressed in Hertz? Reply with ONLY a number (the frequency in Hz). Nothing else. Output only the answer."
resample_2x,resample,2.0,43,G2,sine,waveform,31,71,0,0,0,0,G1,C5,0,0,0,sol,sol#,0,0,0,71,C5,sol#,110.00,/home/hsnu2/PitchBench/data/analysis_audio/pitchbench_e4_time_stretching/G2_sine_3000ms_resample_2p00x.wav,G2_sine_3000ms_resample_2p00x.wav,Listen to this audio clip of a single musical note. The recording may have been sped up or slowed down. Identify the PITCH of the note as it sounds in the audio. What is the MIDI note number (an integer from 0 to 127)? Reply with ONLY the integer. Nothing else. Output only the answer.,"Listen to this audio clip of a single musical note. The recording may have been sped up or slowed down. Identify the PITCH of the note as it sounds in the audio. What is the note name and octave? Reply with ONLY the note name in Scientific Pitch Notation (e.g. C4, F#3, Bb5). Nothing else. Output only the answer.","Listen to this audio clip of a single musical note. The recording may have been sped up or slowed down. Identify the PITCH of the note as it sounds in the audio. What is the solfege syllable and accidental (if needed) of this pitch? Use fixed-do (do=C, re=D, mi=E, fa=F, sol=G, la=A, si=B). Include sharps or flats when needed (e.g. do#, reb, fa#, sib). Do NOT include the octave. Reply with ONLY the syllable and accidental (if needed). Nothing else. Output only the answer.","Listen to this audio clip of a single musical note. The recording may have been sped up or slowed down. Identify the PITCH of the note as it sounds in the audio. What is the main pitch frequency, expressed in Hertz? Reply with ONLY a number (the frequency in Hz). Nothing else. Output only the answer."
resample_2x,resample,2.0,48,C3,sine,waveform,36,46,0,0,0,1,C2,D#4,0,0,0,do,sol#,0,0,0,46,D#4,sol#,370.0,/home/hsnu2/PitchBench/data/analysis_audio/pitchbench_e4_time_stretching/C3_sine_3000ms_resample_2p00x.wav,C3_sine_3000ms_resample_2p00x.wav,Listen to this audio clip of a single musical note. The recording may have been sped up or slowed down. Identify the PITCH of the note as it sounds in the audio. What is the MIDI note number (an integer from 0 to 127)? Reply with ONLY the integer. Nothing else. Output only the answer.,"Listen to this audio clip of a single musical note. The recording may have been sped up or slowed down. Identify the PITCH of the note as it sounds in the audio. What is the note name and octave? Reply with ONLY the note name in Scientific Pitch Notation (e.g. C4, F#3, Bb5). Nothing else. Output only the answer.","Listen to this audio clip of a single musical note. The recording may have been sped up or slowed down. Identify the PITCH of the note as it sounds in the audio. What is the solfege syllable and accidental (if needed) of this pitch? Use fixed-do (do=C, re=D, mi=E, fa=F, sol=G, la=A, si=B). Include sharps or flats when needed (e.g. do#, reb, fa#, sib). Do NOT include the octave. Reply with ONLY the syllable and accidental (if needed). Nothing else. Output only the answer.","Listen to this audio clip of a single musical note. The recording may have been sped up or slowed down. Identify the PITCH of the note as it sounds in the audio. What is the main pitch frequency, expressed in Hertz? Reply with ONLY a number (the frequency in Hz). Nothing else. Output only the answer."
resample_2x,resample,2.0,54,F#3,sine,waveform,42,,0,0,0,0,F#2,C5,0,0,0,fa#,sol#,0,0,0,* I don',C5,sol#,65,/home/hsnu2/PitchBench/data/analysis_audio/pitchbench_e4_time_stretching/Fs3_sine_3000ms_resample_2p00x.wav,Fs3_sine_3000ms_resample_2p00x.wav,Listen to this audio clip of a single musical note. The recording may have been sped up or slowed down. Identify the PITCH of the note as it sounds in the audio. What is the MIDI note number (an integer from 0 to 127)? Reply with ONLY the integer. Nothing else. Output only the answer.,"Listen to this audio clip of a single musical note. The recording may have been sped up or slowed down. Identify the PITCH of the note as it sounds in the audio. What is the note name and octave? Reply with ONLY the note name in Scientific Pitch Notation (e.g. C4, F#3, Bb5). Nothing else. Output only the answer.","Listen to this audio clip of a single musical note. The recording may have been sped up or slowed down. Identify the PITCH of the note as it sounds in the audio. What is the solfege syllable and accidental (if needed) of this pitch? Use fixed-do (do=C, re=D, mi=E, fa=F, sol=G, la=A, si=B). Include sharps or flats when needed (e.g. do#, reb, fa#, sib). Do NOT include the octave. Reply with ONLY the syllable and accidental (if needed). Nothing else. Output only the answer.","Listen to this audio clip of a single musical note. The recording may have been sped up or slowed down. Identify the PITCH of the note as it sounds in the audio. What is the main pitch frequency, expressed in Hertz? Reply with ONLY a number (the frequency in Hz). Nothing else. Output only the answer."
resample_2x,resample,2.0,58,A#3,sine,waveform,46,31,0,0,0,0,A#2,D#4,0,0,0,la#,sol#,0,0,0,31,D#4,sol#,65.41,/home/hsnu2/PitchBench/data/analysis_audio/pitchbench_e4_time_stretching/As3_sine_3000ms_resample_2p00x.wav,As3_sine_3000ms_resample_2p00x.wav,Listen to this audio clip of a single musical note. The recording may have been sped up or slowed down. Identify the PITCH of the note as it sounds in the audio. What is the MIDI note number (an integer from 0 to 127)? Reply with ONLY the integer. Nothing else. Output only the answer.,"Listen to this audio clip of a single musical note. The recording may have been sped up or slowed down. Identify the PITCH of the note as it sounds in the audio. What is the note name and octave? Reply with ONLY the note name in Scientific Pitch Notation (e.g. C4, F#3, Bb5). Nothing else. Output only the answer.","Listen to this audio clip of a single musical note. The recording may have been sped up or slowed down. Identify the PITCH of the note as it sounds in the audio. What is the solfege syllable and accidental (if needed) of this pitch? Use fixed-do (do=C, re=D, mi=E, fa=F, sol=G, la=A, si=B). Include sharps or flats when needed (e.g. do#, reb, fa#, sib). Do NOT include the octave. Reply with ONLY the syllable and accidental (if needed). Nothing else. Output only the answer.","Listen to this audio clip of a single musical note. The recording may have been sped up or slowed down. Identify the PITCH of the note as it sounds in the audio. What is the main pitch frequency, expressed in Hertz? Reply with ONLY a number (the frequency in Hz). Nothing else. Output only the answer."
resample_2x,resample,2.0,60,C4,sine,waveform,48,31,0,0,0,0,C3,C4,0,1,0,do,,0,0,0,31,C4,I cannot directly listen,65.,/home/hsnu2/PitchBench/data/analysis_audio/pitchbench_e4_time_stretching/C4_sine_3000ms_resample_2p00x.wav,C4_sine_3000ms_resample_2p00x.wav,Listen to this audio clip of a single musical note. The recording may have been sped up or slowed down. Identify the PITCH of the note as it sounds in the audio. What is the MIDI note number (an integer from 0 to 127)? Reply with ONLY the integer. Nothing else. Output only the answer.,"Listen to this audio clip of a single musical note. The recording may have been sped up or slowed down. Identify the PITCH of the note as it sounds in the audio. What is the note name and octave? Reply with ONLY the note name in Scientific Pitch Notation (e.g. C4, F#3, Bb5). Nothing else. Output only the answer.","Listen to this audio clip of a single musical note. The recording may have been sped up or slowed down. Identify the PITCH of the note as it sounds in the audio. What is the solfege syllable and accidental (if needed) of this pitch? Use fixed-do (do=C, re=D, mi=E, fa=F, sol=G, la=A, si=B). Include sharps or flats when needed (e.g. do#, reb, fa#, sib). Do NOT include the octave. Reply with ONLY the syllable and accidental (if needed). Nothing else. Output only the answer.","Listen to this audio clip of a single musical note. The recording may have been sped up or slowed down. Identify the PITCH of the note as it sounds in the audio. What is the main pitch frequency, expressed in Hertz? Reply with ONLY a number (the frequency in Hz). Nothing else. Output only the answer."
resample_2x,resample,2.0,64,E4,sine,waveform,52,31,0,0,0,0,E3,C2,0,0,0,mi,sol#,0,0,0,31,C2,sol#,65.41,/home/hsnu2/PitchBench/data/analysis_audio/pitchbench_e4_time_stretching/E4_sine_3000ms_resample_2p00x.wav,E4_sine_3000ms_resample_2p00x.wav,Listen to this audio clip of a single musical note. The recording may have been sped up or slowed down. Identify the PITCH of the note as it sounds in the audio. What is the MIDI note number (an integer from 0 to 127)? Reply with ONLY the integer. Nothing else. Output only the answer.,"Listen to this audio clip of a single musical note. The recording may have been sped up or slowed down. Identify the PITCH of the note as it sounds in the audio. What is the note name and octave? Reply with ONLY the note name in Scientific Pitch Notation (e.g. C4, F#3, Bb5). Nothing else. Output only the answer.","Listen to this audio clip of a single musical note. The recording may have been sped up or slowed down. Identify the PITCH of the note as it sounds in the audio. What is the solfege syllable and accidental (if needed) of this pitch? Use fixed-do (do=C, re=D, mi=E, fa=F, sol=G, la=A, si=B). Include sharps or flats when needed (e.g. do#, reb, fa#, sib). Do NOT include the octave. Reply with ONLY the syllable and accidental (if needed). Nothing else. Output only the answer.","Listen to this audio clip of a single musical note. The recording may have been sped up or slowed down. Identify the PITCH of the note as it sounds in the audio. What is the main pitch frequency, expressed in Hertz? Reply with ONLY a number (the frequency in Hz). Nothing else. Output only the answer."
resample_2x,resample,2.0,67,G4,sine,waveform,55,34,0,0,0,0,G3,F#4,0,0,0,sol,,0,0,0,34,F#4,Listen to the audio,65.,/home/hsnu2/PitchBench/data/analysis_audio/pitchbench_e4_time_stretching/G4_sine_3000ms_resample_2p00x.wav,G4_sine_3000ms_resample_2p00x.wav,Listen to this audio clip of a single musical note. The recording may have been sped up or slowed down. Identify the PITCH of the note as it sounds in the audio. What is the MIDI note number (an integer from 0 to 127)? Reply with ONLY the integer. Nothing else. Output only the answer.,"Listen to this audio clip of a single musical note. The recording may have been sped up or slowed down. Identify the PITCH of the note as it sounds in the audio. What is the note name and octave? Reply with ONLY the note name in Scientific Pitch Notation (e.g. C4, F#3, Bb5). Nothing else. Output only the answer.","Listen to this audio clip of a single musical note. The recording may have been sped up or slowed down. Identify the PITCH of the note as it sounds in the audio. What is the solfege syllable and accidental (if needed) of this pitch? Use fixed-do (do=C, re=D, mi=E, fa=F, sol=G, la=A, si=B). Include sharps or flats when needed (e.g. do#, reb, fa#, sib). Do NOT include the octave. Reply with ONLY the syllable and accidental (if needed). Nothing else. Output only the answer.","Listen to this audio clip of a single musical note. The recording may have been sped up or slowed down. Identify the PITCH of the note as it sounds in the audio. What is the main pitch frequency, expressed in Hertz? Reply with ONLY a number (the frequency in Hz). Nothing else. Output only the answer."
resample_2x,resample,2.0,69,A4,sine,waveform,57,83,0,0,0,0,A3,,0,0,0,la,sol,0,0,0,83,F#,sol,1,/home/hsnu2/PitchBench/data/analysis_audio/pitchbench_e4_time_stretching/A4_sine_3000ms_resample_2p00x.wav,A4_sine_3000ms_resample_2p00x.wav,Listen to this audio clip of a single musical note. The recording may have been sped up or slowed down. Identify the PITCH of the note as it sounds in the audio. What is the MIDI note number (an integer from 0 to 127)? Reply with ONLY the integer. Nothing else. Output only the answer.,"Listen to this audio clip of a single musical note. The recording may have been sped up or slowed down. Identify the PITCH of the note as it sounds in the audio. What is the note name and octave? Reply with ONLY the note name in Scientific Pitch Notation (e.g. C4, F#3, Bb5). Nothing else. Output only the answer.","Listen to this audio clip of a single musical note. The recording may have been sped up or slowed down. Identify the PITCH of the note as it sounds in the audio. What is the solfege syllable and accidental (if needed) of this pitch? Use fixed-do (do=C, re=D, mi=E, fa=F, sol=G, la=A, si=B). Include sharps or flats when needed (e.g. do#, reb, fa#, sib). Do NOT include the octave. Reply with ONLY the syllable and accidental (if needed). Nothing else. Output only the answer.","Listen to this audio clip of a single musical note. The recording may have been sped up or slowed down. Identify the PITCH of the note as it sounds in the audio. What is the main pitch frequency, expressed in Hertz? Reply with ONLY a number (the frequency in Hz). Nothing else. Output only the answer."
resample_2x,resample,2.0,72,C5,sine,waveform,60,101,0,0,0,0,C4,F#5,0,0,0,do,sol#,0,0,0,101,F#5,sol#,1046.,/home/hsnu2/PitchBench/data/analysis_audio/pitchbench_e4_time_stretching/C5_sine_3000ms_resample_2p00x.wav,C5_sine_3000ms_resample_2p00x.wav,Listen to this audio clip of a single musical note. The recording may have been sped up or slowed down. Identify the PITCH of the note as it sounds in the audio. What is the MIDI note number (an integer from 0 to 127)? Reply with ONLY the integer. Nothing else. Output only the answer.,"Listen to this audio clip of a single musical note. The recording may have been sped up or slowed down. Identify the PITCH of the note as it sounds in the audio. What is the note name and octave? Reply with ONLY the note name in Scientific Pitch Notation (e.g. C4, F#3, Bb5). Nothing else. Output only the answer.","Listen to this audio clip of a single musical note. The recording may have been sped up or slowed down. Identify the PITCH of the note as it sounds in the audio. What is the solfege syllable and accidental (if needed) of this pitch? Use fixed-do (do=C, re=D, mi=E, fa=F, sol=G, la=A, si=B). Include sharps or flats when needed (e.g. do#, reb, fa#, sib). Do NOT include the octave. Reply with ONLY the syllable and accidental (if needed). Nothing else. Output only the answer.","Listen to this audio clip of a single musical note. The recording may have been sped up or slowed down. Identify the PITCH of the note as it sounds in the audio. What is the main pitch frequency, expressed in Hertz? Reply with ONLY a number (the frequency in Hz). Nothing else. Output only the answer."
resample_2x,resample,2.0,77,F5,sine,waveform,65,101,0,0,1,0,F4,F#5,0,0,0,fa,sol#,0,0,0,101,F#5,sol#,440,/home/hsnu2/PitchBench/data/analysis_audio/pitchbench_e4_time_stretching/F5_sine_3000ms_resample_2p00x.wav,F5_sine_3000ms_resample_2p00x.wav,Listen to this audio clip of a single musical note. The recording may have been sped up or slowed down. Identify the PITCH of the note as it sounds in the audio. What is the MIDI note number (an integer from 0 to 127)? Reply with ONLY the integer. Nothing else. Output only the answer.,"Listen to this audio clip of a single musical note. The recording may have been sped up or slowed down. Identify the PITCH of the note as it sounds in the audio. What is the note name and octave? Reply with ONLY the note name in Scientific Pitch Notation (e.g. C4, F#3, Bb5). Nothing else. Output only the answer.","Listen to this audio clip of a single musical note. The recording may have been sped up or slowed down. Identify the PITCH of the note as it sounds in the audio. What is the solfege syllable and accidental (if needed) of this pitch? Use fixed-do (do=C, re=D, mi=E, fa=F, sol=G, la=A, si=B). Include sharps or flats when needed (e.g. do#, reb, fa#, sib). Do NOT include the octave. Reply with ONLY the syllable and accidental (if needed). Nothing else. Output only the answer.","Listen to this audio clip of a single musical note. The recording may have been sped up or slowed down. Identify the PITCH of the note as it sounds in the audio. What is the main pitch frequency, expressed in Hertz? Reply with ONLY a number (the frequency in Hz). Nothing else. Output only the answer."
resample_2x,resample,2.0,84,C6,sine,waveform,72,,0,0,0,0,C5,F#5,0,0,1,do,sol,0,0,0,"* Wait, I don'",F#5,sol,1108.7,/home/hsnu2/PitchBench/data/analysis_audio/pitchbench_e4_time_stretching/C6_sine_3000ms_resample_2p00x.wav,C6_sine_3000ms_resample_2p00x.wav,Listen to this audio clip of a single musical note. The recording may have been sped up or slowed down. Identify the PITCH of the note as it sounds in the audio. What is the MIDI note number (an integer from 0 to 127)? Reply with ONLY the integer. Nothing else. Output only the answer.,"Listen to this audio clip of a single musical note. The recording may have been sped up or slowed down. Identify the PITCH of the note as it sounds in the audio. What is the note name and octave? Reply with ONLY the note name in Scientific Pitch Notation (e.g. C4, F#3, Bb5). Nothing else. Output only the answer.","Listen to this audio clip of a single musical note. The recording may have been sped up or slowed down. Identify the PITCH of the note as it sounds in the audio. What is the solfege syllable and accidental (if needed) of this pitch? Use fixed-do (do=C, re=D, mi=E, fa=F, sol=G, la=A, si=B). Include sharps or flats when needed (e.g. do#, reb, fa#, sib). Do NOT include the octave. Reply with ONLY the syllable and accidental (if needed). Nothing else. Output only the answer.","Listen to this audio clip of a single musical note. The recording may have been sped up or slowed down. Identify the PITCH of the note as it sounds in the audio. What is the main pitch frequency, expressed in Hertz? Reply with ONLY a number (the frequency in Hz). Nothing else. Output only the answer."
stretch_0.5x,stretch,0.5,36,C2,sine,waveform,36,51,0,0,0,0,C2,C5,0,1,0,do,sol#,0,0,0,51,C5,sol#,1046.5,/home/hsnu2/PitchBench/data/analysis_audio/pitchbench_e4_time_stretching/C2_sine_3000ms_stretch_0p50x.wav,C2_sine_3000ms_stretch_0p50x.wav,Listen to this audio clip of a single musical note. The recording may have been sped up or slowed down. Identify the PITCH of the note as it sounds in the audio. What is the MIDI note number (an integer from 0 to 127)? Reply with ONLY the integer. Nothing else. Output only the answer.,"Listen to this audio clip of a single musical note. The recording may have been sped up or slowed down. Identify the PITCH of the note as it sounds in the audio. What is the note name and octave? Reply with ONLY the note name in Scientific Pitch Notation (e.g. C4, F#3, Bb5). Nothing else. Output only the answer.","Listen to this audio clip of a single musical note. The recording may have been sped up or slowed down. Identify the PITCH of the note as it sounds in the audio. What is the solfege syllable and accidental (if needed) of this pitch? Use fixed-do (do=C, re=D, mi=E, fa=F, sol=G, la=A, si=B). Include sharps or flats when needed (e.g. do#, reb, fa#, sib). Do NOT include the octave. Reply with ONLY the syllable and accidental (if needed). Nothing else. Output only the answer.","Listen to this audio clip of a single musical note. The recording may have been sped up or slowed down. Identify the PITCH of the note as it sounds in the audio. What is the main pitch frequency, expressed in Hertz? Reply with ONLY a number (the frequency in Hz). Nothing else. Output only the answer."
stretch_0.5x,stretch,0.5,43,G2,sine,waveform,43,31,0,0,1,0,G2,C2,0,0,1,sol,sol#,0,0,0,31,C2,sol#,1046.,/home/hsnu2/PitchBench/data/analysis_audio/pitchbench_e4_time_stretching/G2_sine_3000ms_stretch_0p50x.wav,G2_sine_3000ms_stretch_0p50x.wav,Listen to this audio clip of a single musical note. The recording may have been sped up or slowed down. Identify the PITCH of the note as it sounds in the audio. What is the MIDI note number (an integer from 0 to 127)? Reply with ONLY the integer. Nothing else. Output only the answer.,"Listen to this audio clip of a single musical note. The recording may have been sped up or slowed down. Identify the PITCH of the note as it sounds in the audio. What is the note name and octave? Reply with ONLY the note name in Scientific Pitch Notation (e.g. C4, F#3, Bb5). Nothing else. Output only the answer.","Listen to this audio clip of a single musical note. The recording may have been sped up or slowed down. Identify the PITCH of the note as it sounds in the audio. What is the solfege syllable and accidental (if needed) of this pitch? Use fixed-do (do=C, re=D, mi=E, fa=F, sol=G, la=A, si=B). Include sharps or flats when needed (e.g. do#, reb, fa#, sib). Do NOT include the octave. Reply with ONLY the syllable and accidental (if needed). Nothing else. Output only the answer.","Listen to this audio clip of a single musical note. The recording may have been sped up or slowed down. Identify the PITCH of the note as it sounds in the audio. What is the main pitch frequency, expressed in Hertz? Reply with ONLY a number (the frequency in Hz). Nothing else. Output only the answer."
stretch_0.5x,stretch,0.5,48,C3,sine,waveform,48,62,0,0,0,0,C3,C4,0,1,0,do,sol#,0,0,0,62,C4,sol#,104,/home/hsnu2/PitchBench/data/analysis_audio/pitchbench_e4_time_stretching/C3_sine_3000ms_stretch_0p50x.wav,C3_sine_3000ms_stretch_0p50x.wav,Listen to this audio clip of a single musical note. The recording may have been sped up or slowed down. Identify the PITCH of the note as it sounds in the audio. What is the MIDI note number (an integer from 0 to 127)? Reply with ONLY the integer. Nothing else. Output only the answer.,"Listen to this audio clip of a single musical note. The recording may have been sped up or slowed down. Identify the PITCH of the note as it sounds in the audio. What is the note name and octave? Reply with ONLY the note name in Scientific Pitch Notation (e.g. C4, F#3, Bb5). Nothing else. Output only the answer.","Listen to this audio clip of a single musical note. The recording may have been sped up or slowed down. Identify the PITCH of the note as it sounds in the audio. What is the solfege syllable and accidental (if needed) of this pitch? Use fixed-do (do=C, re=D, mi=E, fa=F, sol=G, la=A, si=B). Include sharps or flats when needed (e.g. do#, reb, fa#, sib). Do NOT include the octave. Reply with ONLY the syllable and accidental (if needed). Nothing else. Output only the answer.","Listen to this audio clip of a single musical note. The recording may have been sped up or slowed down. Identify the PITCH of the note as it sounds in the audio. What is the main pitch frequency, expressed in Hertz? Reply with ONLY a number (the frequency in Hz). Nothing else. Output only the answer."
stretch_0.5x,stretch,0.5,54,F#3,sine,waveform,54,61,0,0,0,0,F#3,C4,0,0,0,fa#,sol#,0,0,0,61,C4,sol#,65.41,/home/hsnu2/PitchBench/data/analysis_audio/pitchbench_e4_time_stretching/Fs3_sine_3000ms_stretch_0p50x.wav,Fs3_sine_3000ms_stretch_0p50x.wav,Listen to this audio clip of a single musical note. The recording may have been sped up or slowed down. Identify the PITCH of the note as it sounds in the audio. What is the MIDI note number (an integer from 0 to 127)? Reply with ONLY the integer. Nothing else. Output only the answer.,"Listen to this audio clip of a single musical note. The recording may have been sped up or slowed down. Identify the PITCH of the note as it sounds in the audio. What is the note name and octave? Reply with ONLY the note name in Scientific Pitch Notation (e.g. C4, F#3, Bb5). Nothing else. Output only the answer.","Listen to this audio clip of a single musical note. The recording may have been sped up or slowed down. Identify the PITCH of the note as it sounds in the audio. What is the solfege syllable and accidental (if needed) of this pitch? Use fixed-do (do=C, re=D, mi=E, fa=F, sol=G, la=A, si=B). Include sharps or flats when needed (e.g. do#, reb, fa#, sib). Do NOT include the octave. Reply with ONLY the syllable and accidental (if needed). Nothing else. Output only the answer.","Listen to this audio clip of a single musical note. The recording may have been sped up or slowed down. Identify the PITCH of the note as it sounds in the audio. What is the main pitch frequency, expressed in Hertz? Reply with ONLY a number (the frequency in Hz). Nothing else. Output only the answer."
stretch_0.5x,stretch,0.5,58,A#3,sine,waveform,58,36,0,0,0,0,A#3,C3,0,0,1,la#,sol#,0,0,0,36,C3,sol#,1,/home/hsnu2/PitchBench/data/analysis_audio/pitchbench_e4_time_stretching/As3_sine_3000ms_stretch_0p50x.wav,As3_sine_3000ms_stretch_0p50x.wav,Listen to this audio clip of a single musical note. The recording may have been sped up or slowed down. Identify the PITCH of the note as it sounds in the audio. What is the MIDI note number (an integer from 0 to 127)? Reply with ONLY the integer. Nothing else. Output only the answer.,"Listen to this audio clip of a single musical note. The recording may have been sped up or slowed down. Identify the PITCH of the note as it sounds in the audio. What is the note name and octave? Reply with ONLY the note name in Scientific Pitch Notation (e.g. C4, F#3, Bb5). Nothing else. Output only the answer.","Listen to this audio clip of a single musical note. The recording may have been sped up or slowed down. Identify the PITCH of the note as it sounds in the audio. What is the solfege syllable and accidental (if needed) of this pitch? Use fixed-do (do=C, re=D, mi=E, fa=F, sol=G, la=A, si=B). Include sharps or flats when needed (e.g. do#, reb, fa#, sib). Do NOT include the octave. Reply with ONLY the syllable and accidental (if needed). Nothing else. Output only the answer.","Listen to this audio clip of a single musical note. The recording may have been sped up or slowed down. Identify the PITCH of the note as it sounds in the audio. What is the main pitch frequency, expressed in Hertz? Reply with ONLY a number (the frequency in Hz). Nothing else. Output only the answer."
stretch_0.5x,stretch,0.5,60,C4,sine,waveform,60,31,0,0,0,0,C4,C2,0,1,0,do,sol#,0,0,0,31,C2,sol#,1,/home/hsnu2/PitchBench/data/analysis_audio/pitchbench_e4_time_stretching/C4_sine_3000ms_stretch_0p50x.wav,C4_sine_3000ms_stretch_0p50x.wav,Listen to this audio clip of a single musical note. The recording may have been sped up or slowed down. Identify the PITCH of the note as it sounds in the audio. What is the MIDI note number (an integer from 0 to 127)? Reply with ONLY the integer. Nothing else. Output only the answer.,"Listen to this audio clip of a single musical note. The recording may have been sped up or slowed down. Identify the PITCH of the note as it sounds in the audio. What is the note name and octave? Reply with ONLY the note name in Scientific Pitch Notation (e.g. C4, F#3, Bb5). Nothing else. Output only the answer.","Listen to this audio clip of a single musical note. The recording may have been sped up or slowed down. Identify the PITCH of the note as it sounds in the audio. What is the solfege syllable and accidental (if needed) of this pitch? Use fixed-do (do=C, re=D, mi=E, fa=F, sol=G, la=A, si=B). Include sharps or flats when needed (e.g. do#, reb, fa#, sib). Do NOT include the octave. Reply with ONLY the syllable and accidental (if needed). Nothing else. Output only the answer.","Listen to this audio clip of a single musical note. The recording may have been sped up or slowed down. Identify the PITCH of the note as it sounds in the audio. What is the main pitch frequency, expressed in Hertz? Reply with ONLY a number (the frequency in Hz). Nothing else. Output only the answer."
stretch_0.5x,stretch,0.5,64,E4,sine,waveform,64,31,0,0,0,0,E4,C5,0,0,0,mi,sol,0,0,0,31,C5,sol,110.0,/home/hsnu2/PitchBench/data/analysis_audio/pitchbench_e4_time_stretching/E4_sine_3000ms_stretch_0p50x.wav,E4_sine_3000ms_stretch_0p50x.wav,Listen to this audio clip of a single musical note. The recording may have been sped up or slowed down. Identify the PITCH of the note as it sounds in the audio. What is the MIDI note number (an integer from 0 to 127)? Reply with ONLY the integer. Nothing else. Output only the answer.,"Listen to this audio clip of a single musical note. The recording may have been sped up or slowed down. Identify the PITCH of the note as it sounds in the audio. What is the note name and octave? Reply with ONLY the note name in Scientific Pitch Notation (e.g. C4, F#3, Bb5). Nothing else. Output only the answer.","Listen to this audio clip of a single musical note. The recording may have been sped up or slowed down. Identify the PITCH of the note as it sounds in the audio. What is the solfege syllable and accidental (if needed) of this pitch? Use fixed-do (do=C, re=D, mi=E, fa=F, sol=G, la=A, si=B). Include sharps or flats when needed (e.g. do#, reb, fa#, sib). Do NOT include the octave. Reply with ONLY the syllable and accidental (if needed). Nothing else. Output only the answer.","Listen to this audio clip of a single musical note. The recording may have been sped up or slowed down. Identify the PITCH of the note as it sounds in the audio. What is the main pitch frequency, expressed in Hertz? Reply with ONLY a number (the frequency in Hz). Nothing else. Output only the answer."
stretch_0.5x,stretch,0.5,67,G4,sine,waveform,67,60,0,0,0,1,G4,C5,0,0,0,sol,sol#,0,0,0,60,C5,sol#,349.,/home/hsnu2/PitchBench/data/analysis_audio/pitchbench_e4_time_stretching/G4_sine_3000ms_stretch_0p50x.wav,G4_sine_3000ms_stretch_0p50x.wav,Listen to this audio clip of a single musical note. The recording may have been sped up or slowed down. Identify the PITCH of the note as it sounds in the audio. What is the MIDI note number (an integer from 0 to 127)? Reply with ONLY the integer. Nothing else. Output only the answer.,"Listen to this audio clip of a single musical note. The recording may have been sped up or slowed down. Identify the PITCH of the note as it sounds in the audio. What is the note name and octave? Reply with ONLY the note name in Scientific Pitch Notation (e.g. C4, F#3, Bb5). Nothing else. Output only the answer.","Listen to this audio clip of a single musical note. The recording may have been sped up or slowed down. Identify the PITCH of the note as it sounds in the audio. What is the solfege syllable and accidental (if needed) of this pitch? Use fixed-do (do=C, re=D, mi=E, fa=F, sol=G, la=A, si=B). Include sharps or flats when needed (e.g. do#, reb, fa#, sib). Do NOT include the octave. Reply with ONLY the syllable and accidental (if needed). Nothing else. Output only the answer.","Listen to this audio clip of a single musical note. The recording may have been sped up or slowed down. Identify the PITCH of the note as it sounds in the audio. What is the main pitch frequency, expressed in Hertz? Reply with ONLY a number (the frequency in Hz). Nothing else. Output only the answer."
stretch_0.5x,stretch,0.5,69,A4,sine,waveform,69,71,0,0,0,1,A4,C6,0,0,0,la,sol#,0,1,1,71,C6,sol#,440,/home/hsnu2/PitchBench/data/analysis_audio/pitchbench_e4_time_stretching/A4_sine_3000ms_stretch_0p50x.wav,A4_sine_3000ms_stretch_0p50x.wav,Listen to this audio clip of a single musical note. The recording may have been sped up or slowed down. Identify the PITCH of the note as it sounds in the audio. What is the MIDI note number (an integer from 0 to 127)? Reply with ONLY the integer. Nothing else. Output only the answer.,"Listen to this audio clip of a single musical note. The recording may have been sped up or slowed down. Identify the PITCH of the note as it sounds in the audio. What is the note name and octave? Reply with ONLY the note name in Scientific Pitch Notation (e.g. C4, F#3, Bb5). Nothing else. Output only the answer.","Listen to this audio clip of a single musical note. The recording may have been sped up or slowed down. Identify the PITCH of the note as it sounds in the audio. What is the solfege syllable and accidental (if needed) of this pitch? Use fixed-do (do=C, re=D, mi=E, fa=F, sol=G, la=A, si=B). Include sharps or flats when needed (e.g. do#, reb, fa#, sib). Do NOT include the octave. Reply with ONLY the syllable and accidental (if needed). Nothing else. Output only the answer.","Listen to this audio clip of a single musical note. The recording may have been sped up or slowed down. Identify the PITCH of the note as it sounds in the audio. What is the main pitch frequency, expressed in Hertz? Reply with ONLY a number (the frequency in Hz). Nothing else. Output only the answer."
stretch_0.5x,stretch,0.5,72,C5,sine,waveform,72,83,0,0,0,1,C5,,0,0,0,do,,0,0,0,83,F,examples,10,/home/hsnu2/PitchBench/data/analysis_audio/pitchbench_e4_time_stretching/C5_sine_3000ms_stretch_0p50x.wav,C5_sine_3000ms_stretch_0p50x.wav,Listen to this audio clip of a single musical note. The recording may have been sped up or slowed down. Identify the PITCH of the note as it sounds in the audio. What is the MIDI note number (an integer from 0 to 127)? Reply with ONLY the integer. Nothing else. Output only the answer.,"Listen to this audio clip of a single musical note. The recording may have been sped up or slowed down. Identify the PITCH of the note as it sounds in the audio. What is the note name and octave? Reply with ONLY the note name in Scientific Pitch Notation (e.g. C4, F#3, Bb5). Nothing else. Output only the answer.","Listen to this audio clip of a single musical note. The recording may have been sped up or slowed down. Identify the PITCH of the note as it sounds in the audio. What is the solfege syllable and accidental (if needed) of this pitch? Use fixed-do (do=C, re=D, mi=E, fa=F, sol=G, la=A, si=B). Include sharps or flats when needed (e.g. do#, reb, fa#, sib). Do NOT include the octave. Reply with ONLY the syllable and accidental (if needed). Nothing else. Output only the answer.","Listen to this audio clip of a single musical note. The recording may have been sped up or slowed down. Identify the PITCH of the note as it sounds in the audio. What is the main pitch frequency, expressed in Hertz? Reply with ONLY a number (the frequency in Hz). Nothing else. Output only the answer."
stretch_0.5x,stretch,0.5,77,F5,sine,waveform,77,100,0,0,0,0,F5,F6,0,1,0,fa,sol#,0,0,0,100,F6,sol#,1975.5,/home/hsnu2/PitchBench/data/analysis_audio/pitchbench_e4_time_stretching/F5_sine_3000ms_stretch_0p50x.wav,F5_sine_3000ms_stretch_0p50x.wav,Listen to this audio clip of a single musical note. The recording may have been sped up or slowed down. Identify the PITCH of the note as it sounds in the audio. What is the MIDI note number (an integer from 0 to 127)? Reply with ONLY the integer. Nothing else. Output only the answer.,"Listen to this audio clip of a single musical note. The recording may have been sped up or slowed down. Identify the PITCH of the note as it sounds in the audio. What is the note name and octave? Reply with ONLY the note name in Scientific Pitch Notation (e.g. C4, F#3, Bb5). Nothing else. Output only the answer.","Listen to this audio clip of a single musical note. The recording may have been sped up or slowed down. Identify the PITCH of the note as it sounds in the audio. What is the solfege syllable and accidental (if needed) of this pitch? Use fixed-do (do=C, re=D, mi=E, fa=F, sol=G, la=A, si=B). Include sharps or flats when needed (e.g. do#, reb, fa#, sib). Do NOT include the octave. Reply with ONLY the syllable and accidental (if needed). Nothing else. Output only the answer.","Listen to this audio clip of a single musical note. The recording may have been sped up or slowed down. Identify the PITCH of the note as it sounds in the audio. What is the main pitch frequency, expressed in Hertz? Reply with ONLY a number (the frequency in Hz). Nothing else. Output only the answer."
stretch_0.5x,stretch,0.5,84,C6,sine,waveform,84,96,0,0,1,0,C6,C5,0,1,0,do,sol,0,0,0,96,C5,sol,523,/home/hsnu2/PitchBench/data/analysis_audio/pitchbench_e4_time_stretching/C6_sine_3000ms_stretch_0p50x.wav,C6_sine_3000ms_stretch_0p50x.wav,Listen to this audio clip of a single musical note. The recording may have been sped up or slowed down. Identify the PITCH of the note as it sounds in the audio. What is the MIDI note number (an integer from 0 to 127)? Reply with ONLY the integer. Nothing else. Output only the answer.,"Listen to this audio clip of a single musical note. The recording may have been sped up or slowed down. Identify the PITCH of the note as it sounds in the audio. What is the note name and octave? Reply with ONLY the note name in Scientific Pitch Notation (e.g. C4, F#3, Bb5). Nothing else. Output only the answer.","Listen to this audio clip of a single musical note. The recording may have been sped up or slowed down. Identify the PITCH of the note as it sounds in the audio. What is the solfege syllable and accidental (if needed) of this pitch? Use fixed-do (do=C, re=D, mi=E, fa=F, sol=G, la=A, si=B). Include sharps or flats when needed (e.g. do#, reb, fa#, sib). Do NOT include the octave. Reply with ONLY the syllable and accidental (if needed). Nothing else. Output only the answer.","Listen to this audio clip of a single musical note. The recording may have been sped up or slowed down. Identify the PITCH of the note as it sounds in the audio. What is the main pitch frequency, expressed in Hertz? Reply with ONLY a number (the frequency in Hz). Nothing else. Output only the answer."
stretch_2x,stretch,2.0,36,C2,sine,waveform,36,31,0,0,0,0,C2,C5,0,1,0,do,sol#,0,0,0,31,C5,sol#,1046.,/home/hsnu2/PitchBench/data/analysis_audio/pitchbench_e4_time_stretching/C2_sine_3000ms_stretch_2p00x.wav,C2_sine_3000ms_stretch_2p00x.wav,Listen to this audio clip of a single musical note. The recording may have been sped up or slowed down. Identify the PITCH of the note as it sounds in the audio. What is the MIDI note number (an integer from 0 to 127)? Reply with ONLY the integer. Nothing else. Output only the answer.,"Listen to this audio clip of a single musical note. The recording may have been sped up or slowed down. Identify the PITCH of the note as it sounds in the audio. What is the note name and octave? Reply with ONLY the note name in Scientific Pitch Notation (e.g. C4, F#3, Bb5). Nothing else. Output only the answer.","Listen to this audio clip of a single musical note. The recording may have been sped up or slowed down. Identify the PITCH of the note as it sounds in the audio. What is the solfege syllable and accidental (if needed) of this pitch? Use fixed-do (do=C, re=D, mi=E, fa=F, sol=G, la=A, si=B). Include sharps or flats when needed (e.g. do#, reb, fa#, sib). Do NOT include the octave. Reply with ONLY the syllable and accidental (if needed). Nothing else. Output only the answer.","Listen to this audio clip of a single musical note. The recording may have been sped up or slowed down. Identify the PITCH of the note as it sounds in the audio. What is the main pitch frequency, expressed in Hertz? Reply with ONLY a number (the frequency in Hz). Nothing else. Output only the answer."
stretch_2x,stretch,2.0,43,G2,sine,waveform,43,29,0,0,0,0,G2,C2,0,0,1,sol,sol#,0,0,0,29,C2,sol#,55.00,/home/hsnu2/PitchBench/data/analysis_audio/pitchbench_e4_time_stretching/G2_sine_3000ms_stretch_2p00x.wav,G2_sine_3000ms_stretch_2p00x.wav,Listen to this audio clip of a single musical note. The recording may have been sped up or slowed down. Identify the PITCH of the note as it sounds in the audio. What is the MIDI note number (an integer from 0 to 127)? Reply with ONLY the integer. Nothing else. Output only the answer.,"Listen to this audio clip of a single musical note. The recording may have been sped up or slowed down. Identify the PITCH of the note as it sounds in the audio. What is the note name and octave? Reply with ONLY the note name in Scientific Pitch Notation (e.g. C4, F#3, Bb5). Nothing else. Output only the answer.","Listen to this audio clip of a single musical note. The recording may have been sped up or slowed down. Identify the PITCH of the note as it sounds in the audio. What is the solfege syllable and accidental (if needed) of this pitch? Use fixed-do (do=C, re=D, mi=E, fa=F, sol=G, la=A, si=B). Include sharps or flats when needed (e.g. do#, reb, fa#, sib). Do NOT include the octave. Reply with ONLY the syllable and accidental (if needed). Nothing else. Output only the answer.","Listen to this audio clip of a single musical note. The recording may have been sped up or slowed down. Identify the PITCH of the note as it sounds in the audio. What is the main pitch frequency, expressed in Hertz? Reply with ONLY a number (the frequency in Hz). Nothing else. Output only the answer."
stretch_2x,stretch,2.0,48,C3,sine,waveform,48,61,0,0,0,0,C3,D#2,0,0,0,do,sol#,0,0,0,61,D#2,sol#,65.41,/home/hsnu2/PitchBench/data/analysis_audio/pitchbench_e4_time_stretching/C3_sine_3000ms_stretch_2p00x.wav,C3_sine_3000ms_stretch_2p00x.wav,Listen to this audio clip of a single musical note. The recording may have been sped up or slowed down. Identify the PITCH of the note as it sounds in the audio. What is the MIDI note number (an integer from 0 to 127)? Reply with ONLY the integer. Nothing else. Output only the answer.,"Listen to this audio clip of a single musical note. The recording may have been sped up or slowed down. Identify the PITCH of the note as it sounds in the audio. What is the note name and octave? Reply with ONLY the note name in Scientific Pitch Notation (e.g. C4, F#3, Bb5). Nothing else. Output only the answer.","Listen to this audio clip of a single musical note. The recording may have been sped up or slowed down. Identify the PITCH of the note as it sounds in the audio. What is the solfege syllable and accidental (if needed) of this pitch? Use fixed-do (do=C, re=D, mi=E, fa=F, sol=G, la=A, si=B). Include sharps or flats when needed (e.g. do#, reb, fa#, sib). Do NOT include the octave. Reply with ONLY the syllable and accidental (if needed). Nothing else. Output only the answer.","Listen to this audio clip of a single musical note. The recording may have been sped up or slowed down. Identify the PITCH of the note as it sounds in the audio. What is the main pitch frequency, expressed in Hertz? Reply with ONLY a number (the frequency in Hz). Nothing else. Output only the answer."
stretch_2x,stretch,2.0,54,F#3,sine,waveform,54,36,0,0,0,0,F#3,C6,0,0,0,fa#,sol#,0,0,0,36,C6,sol#,1046.5,/home/hsnu2/PitchBench/data/analysis_audio/pitchbench_e4_time_stretching/Fs3_sine_3000ms_stretch_2p00x.wav,Fs3_sine_3000ms_stretch_2p00x.wav,Listen to this audio clip of a single musical note. The recording may have been sped up or slowed down. Identify the PITCH of the note as it sounds in the audio. What is the MIDI note number (an integer from 0 to 127)? Reply with ONLY the integer. Nothing else. Output only the answer.,"Listen to this audio clip of a single musical note. The recording may have been sped up or slowed down. Identify the PITCH of the note as it sounds in the audio. What is the note name and octave? Reply with ONLY the note name in Scientific Pitch Notation (e.g. C4, F#3, Bb5). Nothing else. Output only the answer.","Listen to this audio clip of a single musical note. The recording may have been sped up or slowed down. Identify the PITCH of the note as it sounds in the audio. What is the solfege syllable and accidental (if needed) of this pitch? Use fixed-do (do=C, re=D, mi=E, fa=F, sol=G, la=A, si=B). Include sharps or flats when needed (e.g. do#, reb, fa#, sib). Do NOT include the octave. Reply with ONLY the syllable and accidental (if needed). Nothing else. Output only the answer.","Listen to this audio clip of a single musical note. The recording may have been sped up or slowed down. Identify the PITCH of the note as it sounds in the audio. What is the main pitch frequency, expressed in Hertz? Reply with ONLY a number (the frequency in Hz). Nothing else. Output only the answer."
stretch_2x,stretch,2.0,58,A#3,sine,waveform,58,,0,0,0,0,A#3,F#4,0,0,0,la#,do,0,0,0,* I don',F#4,examples: do,440.0,/home/hsnu2/PitchBench/data/analysis_audio/pitchbench_e4_time_stretching/As3_sine_3000ms_stretch_2p00x.wav,As3_sine_3000ms_stretch_2p00x.wav,Listen to this audio clip of a single musical note. The recording may have been sped up or slowed down. Identify the PITCH of the note as it sounds in the audio. What is the MIDI note number (an integer from 0 to 127)? Reply with ONLY the integer. Nothing else. Output only the answer.,"Listen to this audio clip of a single musical note. The recording may have been sped up or slowed down. Identify the PITCH of the note as it sounds in the audio. What is the note name and octave? Reply with ONLY the note name in Scientific Pitch Notation (e.g. C4, F#3, Bb5). Nothing else. Output only the answer.","Listen to this audio clip of a single musical note. The recording may have been sped up or slowed down. Identify the PITCH of the note as it sounds in the audio. What is the solfege syllable and accidental (if needed) of this pitch? Use fixed-do (do=C, re=D, mi=E, fa=F, sol=G, la=A, si=B). Include sharps or flats when needed (e.g. do#, reb, fa#, sib). Do NOT include the octave. Reply with ONLY the syllable and accidental (if needed). Nothing else. Output only the answer.","Listen to this audio clip of a single musical note. The recording may have been sped up or slowed down. Identify the PITCH of the note as it sounds in the audio. What is the main pitch frequency, expressed in Hertz? Reply with ONLY a number (the frequency in Hz). Nothing else. Output only the answer."
stretch_2x,stretch,2.0,60,C4,sine,waveform,60,71,0,0,0,1,C4,C5,0,1,0,do,sol#,0,0,0,71,C5,sol#,176,/home/hsnu2/PitchBench/data/analysis_audio/pitchbench_e4_time_stretching/C4_sine_3000ms_stretch_2p00x.wav,C4_sine_3000ms_stretch_2p00x.wav,Listen to this audio clip of a single musical note. The recording may have been sped up or slowed down. Identify the PITCH of the note as it sounds in the audio. What is the MIDI note number (an integer from 0 to 127)? Reply with ONLY the integer. Nothing else. Output only the answer.,"Listen to this audio clip of a single musical note. The recording may have been sped up or slowed down. Identify the PITCH of the note as it sounds in the audio. What is the note name and octave? Reply with ONLY the note name in Scientific Pitch Notation (e.g. C4, F#3, Bb5). Nothing else. Output only the answer.","Listen to this audio clip of a single musical note. The recording may have been sped up or slowed down. Identify the PITCH of the note as it sounds in the audio. What is the solfege syllable and accidental (if needed) of this pitch? Use fixed-do (do=C, re=D, mi=E, fa=F, sol=G, la=A, si=B). Include sharps or flats when needed (e.g. do#, reb, fa#, sib). Do NOT include the octave. Reply with ONLY the syllable and accidental (if needed). Nothing else. Output only the answer.","Listen to this audio clip of a single musical note. The recording may have been sped up or slowed down. Identify the PITCH of the note as it sounds in the audio. What is the main pitch frequency, expressed in Hertz? Reply with ONLY a number (the frequency in Hz). Nothing else. Output only the answer."
stretch_2x,stretch,2.0,64,E4,sine,waveform,64,83,0,0,0,0,E4,,0,0,0,mi,sol#,0,0,0,83,F,sol#,1046,/home/hsnu2/PitchBench/data/analysis_audio/pitchbench_e4_time_stretching/E4_sine_3000ms_stretch_2p00x.wav,E4_sine_3000ms_stretch_2p00x.wav,Listen to this audio clip of a single musical note. The recording may have been sped up or slowed down. Identify the PITCH of the note as it sounds in the audio. What is the MIDI note number (an integer from 0 to 127)? Reply with ONLY the integer. Nothing else. Output only the answer.,"Listen to this audio clip of a single musical note. The recording may have been sped up or slowed down. Identify the PITCH of the note as it sounds in the audio. What is the note name and octave? Reply with ONLY the note name in Scientific Pitch Notation (e.g. C4, F#3, Bb5). Nothing else. Output only the answer.","Listen to this audio clip of a single musical note. The recording may have been sped up or slowed down. Identify the PITCH of the note as it sounds in the audio. What is the solfege syllable and accidental (if needed) of this pitch? Use fixed-do (do=C, re=D, mi=E, fa=F, sol=G, la=A, si=B). Include sharps or flats when needed (e.g. do#, reb, fa#, sib). Do NOT include the octave. Reply with ONLY the syllable and accidental (if needed). Nothing else. Output only the answer.","Listen to this audio clip of a single musical note. The recording may have been sped up or slowed down. Identify the PITCH of the note as it sounds in the audio. What is the main pitch frequency, expressed in Hertz? Reply with ONLY a number (the frequency in Hz). Nothing else. Output only the answer."
stretch_2x,stretch,2.0,67,G4,sine,waveform,67,101,0,0,0,0,G4,,0,0,0,sol,sol#,0,0,0,101,F,sol#,104,/home/hsnu2/PitchBench/data/analysis_audio/pitchbench_e4_time_stretching/G4_sine_3000ms_stretch_2p00x.wav,G4_sine_3000ms_stretch_2p00x.wav,Listen to this audio clip of a single musical note. The recording may have been sped up or slowed down. Identify the PITCH of the note as it sounds in the audio. What is the MIDI note number (an integer from 0 to 127)? Reply with ONLY the integer. Nothing else. Output only the answer.,"Listen to this audio clip of a single musical note. The recording may have been sped up or slowed down. Identify the PITCH of the note as it sounds in the audio. What is the note name and octave? Reply with ONLY the note name in Scientific Pitch Notation (e.g. C4, F#3, Bb5). Nothing else. Output only the answer.","Listen to this audio clip of a single musical note. The recording may have been sped up or slowed down. Identify the PITCH of the note as it sounds in the audio. What is the solfege syllable and accidental (if needed) of this pitch? Use fixed-do (do=C, re=D, mi=E, fa=F, sol=G, la=A, si=B). Include sharps or flats when needed (e.g. do#, reb, fa#, sib). Do NOT include the octave. Reply with ONLY the syllable and accidental (if needed). Nothing else. Output only the answer.","Listen to this audio clip of a single musical note. The recording may have been sped up or slowed down. Identify the PITCH of the note as it sounds in the audio. What is the main pitch frequency, expressed in Hertz? Reply with ONLY a number (the frequency in Hz). Nothing else. Output only the answer."
stretch_2x,stretch,2.0,69,A4,sine,waveform,69,84,0,0,0,0,A4,F#6,0,0,0,la,sol#,0,0,0,84,F#6,sol#,659.25,/home/hsnu2/PitchBench/data/analysis_audio/pitchbench_e4_time_stretching/A4_sine_3000ms_stretch_2p00x.wav,A4_sine_3000ms_stretch_2p00x.wav,Listen to this audio clip of a single musical note. The recording may have been sped up or slowed down. Identify the PITCH of the note as it sounds in the audio. What is the MIDI note number (an integer from 0 to 127)? Reply with ONLY the integer. Nothing else. Output only the answer.,"Listen to this audio clip of a single musical note. The recording may have been sped up or slowed down. Identify the PITCH of the note as it sounds in the audio. What is the note name and octave? Reply with ONLY the note name in Scientific Pitch Notation (e.g. C4, F#3, Bb5). Nothing else. Output only the answer.","Listen to this audio clip of a single musical note. The recording may have been sped up or slowed down. Identify the PITCH of the note as it sounds in the audio. What is the solfege syllable and accidental (if needed) of this pitch? Use fixed-do (do=C, re=D, mi=E, fa=F, sol=G, la=A, si=B). Include sharps or flats when needed (e.g. do#, reb, fa#, sib). Do NOT include the octave. Reply with ONLY the syllable and accidental (if needed). Nothing else. Output only the answer.","Listen to this audio clip of a single musical note. The recording may have been sped up or slowed down. Identify the PITCH of the note as it sounds in the audio. What is the main pitch frequency, expressed in Hertz? Reply with ONLY a number (the frequency in Hz). Nothing else. Output only the answer."
stretch_2x,stretch,2.0,72,C5,sine,waveform,72,,0,0,0,0,C5,F5,0,0,1,do,sol#,0,0,0,"t ""hear"" the",F5,sol#,10,/home/hsnu2/PitchBench/data/analysis_audio/pitchbench_e4_time_stretching/C5_sine_3000ms_stretch_2p00x.wav,C5_sine_3000ms_stretch_2p00x.wav,Listen to this audio clip of a single musical note. The recording may have been sped up or slowed down. Identify the PITCH of the note as it sounds in the audio. What is the MIDI note number (an integer from 0 to 127)? Reply with ONLY the integer. Nothing else. Output only the answer.,"Listen to this audio clip of a single musical note. The recording may have been sped up or slowed down. Identify the PITCH of the note as it sounds in the audio. What is the note name and octave? Reply with ONLY the note name in Scientific Pitch Notation (e.g. C4, F#3, Bb5). Nothing else. Output only the answer.","Listen to this audio clip of a single musical note. The recording may have been sped up or slowed down. Identify the PITCH of the note as it sounds in the audio. What is the solfege syllable and accidental (if needed) of this pitch? Use fixed-do (do=C, re=D, mi=E, fa=F, sol=G, la=A, si=B). Include sharps or flats when needed (e.g. do#, reb, fa#, sib). Do NOT include the octave. Reply with ONLY the syllable and accidental (if needed). Nothing else. Output only the answer.","Listen to this audio clip of a single musical note. The recording may have been sped up or slowed down. Identify the PITCH of the note as it sounds in the audio. What is the main pitch frequency, expressed in Hertz? Reply with ONLY a number (the frequency in Hz). Nothing else. Output only the answer."
stretch_2x,stretch,2.0,77,F5,sine,waveform,77,89,0,0,1,0,F5,F5,1,1,1,fa,,0,0,1,89,F5,The audio,1046.5,/home/hsnu2/PitchBench/data/analysis_audio/pitchbench_e4_time_stretching/F5_sine_3000ms_stretch_2p00x.wav,F5_sine_3000ms_stretch_2p00x.wav,Listen to this audio clip of a single musical note. The recording may have been sped up or slowed down. Identify the PITCH of the note as it sounds in the audio. What is the MIDI note number (an integer from 0 to 127)? Reply with ONLY the integer. Nothing else. Output only the answer.,"Listen to this audio clip of a single musical note. The recording may have been sped up or slowed down. Identify the PITCH of the note as it sounds in the audio. What is the note name and octave? Reply with ONLY the note name in Scientific Pitch Notation (e.g. C4, F#3, Bb5). Nothing else. Output only the answer.","Listen to this audio clip of a single musical note. The recording may have been sped up or slowed down. Identify the PITCH of the note as it sounds in the audio. What is the solfege syllable and accidental (if needed) of this pitch? Use fixed-do (do=C, re=D, mi=E, fa=F, sol=G, la=A, si=B). Include sharps or flats when needed (e.g. do#, reb, fa#, sib). Do NOT include the octave. Reply with ONLY the syllable and accidental (if needed). Nothing else. Output only the answer.","Listen to this audio clip of a single musical note. The recording may have been sped up or slowed down. Identify the PITCH of the note as it sounds in the audio. What is the main pitch frequency, expressed in Hertz? Reply with ONLY a number (the frequency in Hz). Nothing else. Output only the answer."
stretch_2x,stretch,2.0,84,C6,sine,waveform,84,36,0,0,1,0,C6,C6,1,1,1,do,sol#,0,1,1,36,C6,sol#,1046.,/home/hsnu2/PitchBench/data/analysis_audio/pitchbench_e4_time_stretching/C6_sine_3000ms_stretch_2p00x.wav,C6_sine_3000ms_stretch_2p00x.wav,Listen to this audio clip of a single musical note. The recording may have been sped up or slowed down. Identify the PITCH of the note as it sounds in the audio. What is the MIDI note number (an integer from 0 to 127)? Reply with ONLY the integer. Nothing else. Output only the answer.,"Listen to this audio clip of a single musical note. The recording may have been sped up or slowed down. Identify the PITCH of the note as it sounds in the audio. What is the note name and octave? Reply with ONLY the note name in Scientific Pitch Notation (e.g. C4, F#3, Bb5). Nothing else. Output only the answer.","Listen to this audio clip of a single musical note. The recording may have been sped up or slowed down. Identify the PITCH of the note as it sounds in the audio. What is the solfege syllable and accidental (if needed) of this pitch? Use fixed-do (do=C, re=D, mi=E, fa=F, sol=G, la=A, si=B). Include sharps or flats when needed (e.g. do#, reb, fa#, sib). Do NOT include the octave. Reply with ONLY the syllable and accidental (if needed). Nothing else. Output only the answer.","Listen to this audio clip of a single musical note. The recording may have been sped up or slowed down. Identify the PITCH of the note as it sounds in the audio. What is the main pitch frequency, expressed in Hertz? Reply with ONLY a number (the frequency in Hz). Nothing else. Output only the answer."
resample_0.5x,resample,0.5,36,C2,synth_lead,instrument,48,,0,0,0,0,C3,F#4,0,0,0,do,sol#,0,0,0,* Wait,F#4,sol#,440,/home/hsnu2/PitchBench/data/analysis_audio/pitchbench_e4_time_stretching/C2_synth_lead_3000ms_resample_0p50x.wav,C2_synth_lead_3000ms_resample_0p50x.wav,Listen to this audio clip of a single musical note. The recording may have been sped up or slowed down. Identify the PITCH of the note as it sounds in the audio. What is the MIDI note number (an integer from 0 to 127)? Reply with ONLY the integer. Nothing else. Output only the answer.,"Listen to this audio clip of a single musical note. The recording may have been sped up or slowed down. Identify the PITCH of the note as it sounds in the audio. What is the note name and octave? Reply with ONLY the note name in Scientific Pitch Notation (e.g. C4, F#3, Bb5). Nothing else. Output only the answer.","Listen to this audio clip of a single musical note. The recording may have been sped up or slowed down. Identify the PITCH of the note as it sounds in the audio. What is the solfege syllable and accidental (if needed) of this pitch? Use fixed-do (do=C, re=D, mi=E, fa=F, sol=G, la=A, si=B). Include sharps or flats when needed (e.g. do#, reb, fa#, sib). Do NOT include the octave. Reply with ONLY the syllable and accidental (if needed). Nothing else. Output only the answer.","Listen to this audio clip of a single musical note. The recording may have been sped up or slowed down. Identify the PITCH of the note as it sounds in the audio. What is the main pitch frequency, expressed in Hertz? Reply with ONLY a number (the frequency in Hz). Nothing else. Output only the answer."
resample_0.5x,resample,0.5,43,G2,synth_lead,instrument,55,84,0,0,0,0,G3,F2,0,0,0,sol,sol#,0,0,0,84,F2,sol#,1046,/home/hsnu2/PitchBench/data/analysis_audio/pitchbench_e4_time_stretching/G2_synth_lead_3000ms_resample_0p50x.wav,G2_synth_lead_3000ms_resample_0p50x.wav,Listen to this audio clip of a single musical note. The recording may have been sped up or slowed down. Identify the PITCH of the note as it sounds in the audio. What is the MIDI note number (an integer from 0 to 127)? Reply with ONLY the integer. Nothing else. Output only the answer.,"Listen to this audio clip of a single musical note. The recording may have been sped up or slowed down. Identify the PITCH of the note as it sounds in the audio. What is the note name and octave? Reply with ONLY the note name in Scientific Pitch Notation (e.g. C4, F#3, Bb5). Nothing else. Output only the answer.","Listen to this audio clip of a single musical note. The recording may have been sped up or slowed down. Identify the PITCH of the note as it sounds in the audio. What is the solfege syllable and accidental (if needed) of this pitch? Use fixed-do (do=C, re=D, mi=E, fa=F, sol=G, la=A, si=B). Include sharps or flats when needed (e.g. do#, reb, fa#, sib). Do NOT include the octave. Reply with ONLY the syllable and accidental (if needed). Nothing else. Output only the answer.","Listen to this audio clip of a single musical note. The recording may have been sped up or slowed down. Identify the PITCH of the note as it sounds in the audio. What is the main pitch frequency, expressed in Hertz? Reply with ONLY a number (the frequency in Hz). Nothing else. Output only the answer."
resample_0.5x,resample,0.5,48,C3,synth_lead,instrument,60,71,0,0,0,1,C4,F2,0,0,0,do,fa#,0,0,0,71,F2,fa#,65.,/home/hsnu2/PitchBench/data/analysis_audio/pitchbench_e4_time_stretching/C3_synth_lead_3000ms_resample_0p50x.wav,C3_synth_lead_3000ms_resample_0p50x.wav,Listen to this audio clip of a single musical note. The recording may have been sped up or slowed down. Identify the PITCH of the note as it sounds in the audio. What is the MIDI note number (an integer from 0 to 127)? Reply with ONLY the integer. Nothing else. Output only the answer.,"Listen to this audio clip of a single musical note. The recording may have been sped up or slowed down. Identify the PITCH of the note as it sounds in the audio. What is the note name and octave? Reply with ONLY the note name in Scientific Pitch Notation (e.g. C4, F#3, Bb5). Nothing else. Output only the answer.","Listen to this audio clip of a single musical note. The recording may have been sped up or slowed down. Identify the PITCH of the note as it sounds in the audio. What is the solfege syllable and accidental (if needed) of this pitch? Use fixed-do (do=C, re=D, mi=E, fa=F, sol=G, la=A, si=B). Include sharps or flats when needed (e.g. do#, reb, fa#, sib). Do NOT include the octave. Reply with ONLY the syllable and accidental (if needed). Nothing else. Output only the answer.","Listen to this audio clip of a single musical note. The recording may have been sped up or slowed down. Identify the PITCH of the note as it sounds in the audio. What is the main pitch frequency, expressed in Hertz? Reply with ONLY a number (the frequency in Hz). Nothing else. Output only the answer."
resample_0.5x,resample,0.5,54,F#3,synth_lead,instrument,66,78,0,0,1,0,F#4,F#5,0,1,0,fa#,sol#,0,0,0,78,F#5,sol#,1864.,/home/hsnu2/PitchBench/data/analysis_audio/pitchbench_e4_time_stretching/Fs3_synth_lead_3000ms_resample_0p50x.wav,Fs3_synth_lead_3000ms_resample_0p50x.wav,Listen to this audio clip of a single musical note. The recording may have been sped up or slowed down. Identify the PITCH of the note as it sounds in the audio. What is the MIDI note number (an integer from 0 to 127)? Reply with ONLY the integer. Nothing else. Output only the answer.,"Listen to this audio clip of a single musical note. The recording may have been sped up or slowed down. Identify the PITCH of the note as it sounds in the audio. What is the note name and octave? Reply with ONLY the note name in Scientific Pitch Notation (e.g. C4, F#3, Bb5). Nothing else. Output only the answer.","Listen to this audio clip of a single musical note. The recording may have been sped up or slowed down. Identify the PITCH of the note as it sounds in the audio. What is the solfege syllable and accidental (if needed) of this pitch? Use fixed-do (do=C, re=D, mi=E, fa=F, sol=G, la=A, si=B). Include sharps or flats when needed (e.g. do#, reb, fa#, sib). Do NOT include the octave. Reply with ONLY the syllable and accidental (if needed). Nothing else. Output only the answer.","Listen to this audio clip of a single musical note. The recording may have been sped up or slowed down. Identify the PITCH of the note as it sounds in the audio. What is the main pitch frequency, expressed in Hertz? Reply with ONLY a number (the frequency in Hz). Nothing else. Output only the answer."
resample_0.5x,resample,0.5,58,A#3,synth_lead,instrument,70,101,0,0,0,0,A#4,F6,0,0,0,la#,sol#,0,0,0,101,F6,sol#,104,/home/hsnu2/PitchBench/data/analysis_audio/pitchbench_e4_time_stretching/As3_synth_lead_3000ms_resample_0p50x.wav,As3_synth_lead_3000ms_resample_0p50x.wav,Listen to this audio clip of a single musical note. The recording may have been sped up or slowed down. Identify the PITCH of the note as it sounds in the audio. What is the MIDI note number (an integer from 0 to 127)? Reply with ONLY the integer. Nothing else. Output only the answer.,"Listen to this audio clip of a single musical note. The recording may have been sped up or slowed down. Identify the PITCH of the note as it sounds in the audio. What is the note name and octave? Reply with ONLY the note name in Scientific Pitch Notation (e.g. C4, F#3, Bb5). Nothing else. Output only the answer.","Listen to this audio clip of a single musical note. The recording may have been sped up or slowed down. Identify the PITCH of the note as it sounds in the audio. What is the solfege syllable and accidental (if needed) of this pitch? Use fixed-do (do=C, re=D, mi=E, fa=F, sol=G, la=A, si=B). Include sharps or flats when needed (e.g. do#, reb, fa#, sib). Do NOT include the octave. Reply with ONLY the syllable and accidental (if needed). Nothing else. Output only the answer.","Listen to this audio clip of a single musical note. The recording may have been sped up or slowed down. Identify the PITCH of the note as it sounds in the audio. What is the main pitch frequency, expressed in Hertz? Reply with ONLY a number (the frequency in Hz). Nothing else. Output only the answer."
resample_0.5x,resample,0.5,60,C4,synth_lead,instrument,72,76,0,0,0,1,C5,C6,0,1,0,do,,0,0,0,76,C6,Listen to the audio.,1,/home/hsnu2/PitchBench/data/analysis_audio/pitchbench_e4_time_stretching/C4_synth_lead_3000ms_resample_0p50x.wav,C4_synth_lead_3000ms_resample_0p50x.wav,Listen to this audio clip of a single musical note. The recording may have been sped up or slowed down. Identify the PITCH of the note as it sounds in the audio. What is the MIDI note number (an integer from 0 to 127)? Reply with ONLY the integer. Nothing else. Output only the answer.,"Listen to this audio clip of a single musical note. The recording may have been sped up or slowed down. Identify the PITCH of the note as it sounds in the audio. What is the note name and octave? Reply with ONLY the note name in Scientific Pitch Notation (e.g. C4, F#3, Bb5). Nothing else. Output only the answer.","Listen to this audio clip of a single musical note. The recording may have been sped up or slowed down. Identify the PITCH of the note as it sounds in the audio. What is the solfege syllable and accidental (if needed) of this pitch? Use fixed-do (do=C, re=D, mi=E, fa=F, sol=G, la=A, si=B). Include sharps or flats when needed (e.g. do#, reb, fa#, sib). Do NOT include the octave. Reply with ONLY the syllable and accidental (if needed). Nothing else. Output only the answer.","Listen to this audio clip of a single musical note. The recording may have been sped up or slowed down. Identify the PITCH of the note as it sounds in the audio. What is the main pitch frequency, expressed in Hertz? Reply with ONLY a number (the frequency in Hz). Nothing else. Output only the answer."
resample_0.5x,resample,0.5,64,E4,synth_lead,instrument,76,1,0,0,0,0,E5,A6,0,0,0,mi,sol#,0,0,0,1,A6,sol#,1046,/home/hsnu2/PitchBench/data/analysis_audio/pitchbench_e4_time_stretching/E4_synth_lead_3000ms_resample_0p50x.wav,E4_synth_lead_3000ms_resample_0p50x.wav,Listen to this audio clip of a single musical note. The recording may have been sped up or slowed down. Identify the PITCH of the note as it sounds in the audio. What is the MIDI note number (an integer from 0 to 127)? Reply with ONLY the integer. Nothing else. Output only the answer.,"Listen to this audio clip of a single musical note. The recording may have been sped up or slowed down. Identify the PITCH of the note as it sounds in the audio. What is the note name and octave? Reply with ONLY the note name in Scientific Pitch Notation (e.g. C4, F#3, Bb5). Nothing else. Output only the answer.","Listen to this audio clip of a single musical note. The recording may have been sped up or slowed down. Identify the PITCH of the note as it sounds in the audio. What is the solfege syllable and accidental (if needed) of this pitch? Use fixed-do (do=C, re=D, mi=E, fa=F, sol=G, la=A, si=B). Include sharps or flats when needed (e.g. do#, reb, fa#, sib). Do NOT include the octave. Reply with ONLY the syllable and accidental (if needed). Nothing else. Output only the answer.","Listen to this audio clip of a single musical note. The recording may have been sped up or slowed down. Identify the PITCH of the note as it sounds in the audio. What is the main pitch frequency, expressed in Hertz? Reply with ONLY a number (the frequency in Hz). Nothing else. Output only the answer."
resample_0.5x,resample,0.5,67,G4,synth_lead,instrument,79,101,0,0,0,0,G5,F#5,0,0,1,sol,sol#,0,0,0,101,F#5,sol#,1046,/home/hsnu2/PitchBench/data/analysis_audio/pitchbench_e4_time_stretching/G4_synth_lead_3000ms_resample_0p50x.wav,G4_synth_lead_3000ms_resample_0p50x.wav,Listen to this audio clip of a single musical note. The recording may have been sped up or slowed down. Identify the PITCH of the note as it sounds in the audio. What is the MIDI note number (an integer from 0 to 127)? Reply with ONLY the integer. Nothing else. Output only the answer.,"Listen to this audio clip of a single musical note. The recording may have been sped up or slowed down. Identify the PITCH of the note as it sounds in the audio. What is the note name and octave? Reply with ONLY the note name in Scientific Pitch Notation (e.g. C4, F#3, Bb5). Nothing else. Output only the answer.","Listen to this audio clip of a single musical note. The recording may have been sped up or slowed down. Identify the PITCH of the note as it sounds in the audio. What is the solfege syllable and accidental (if needed) of this pitch? Use fixed-do (do=C, re=D, mi=E, fa=F, sol=G, la=A, si=B). Include sharps or flats when needed (e.g. do#, reb, fa#, sib). Do NOT include the octave. Reply with ONLY the syllable and accidental (if needed). Nothing else. Output only the answer.","Listen to this audio clip of a single musical note. The recording may have been sped up or slowed down. Identify the PITCH of the note as it sounds in the audio. What is the main pitch frequency, expressed in Hertz? Reply with ONLY a number (the frequency in Hz). Nothing else. Output only the answer."
resample_0.5x,resample,0.5,69,A4,synth_lead,instrument,81,86,0,0,0,0,A5,G6,0,0,0,la,sol#,0,0,0,86,G6,sol#,176,/home/hsnu2/PitchBench/data/analysis_audio/pitchbench_e4_time_stretching/A4_synth_lead_3000ms_resample_0p50x.wav,A4_synth_lead_3000ms_resample_0p50x.wav,Listen to this audio clip of a single musical note. The recording may have been sped up or slowed down. Identify the PITCH of the note as it sounds in the audio. What is the MIDI note number (an integer from 0 to 127)? Reply with ONLY the integer. Nothing else. Output only the answer.,"Listen to this audio clip of a single musical note. The recording may have been sped up or slowed down. Identify the PITCH of the note as it sounds in the audio. What is the note name and octave? Reply with ONLY the note name in Scientific Pitch Notation (e.g. C4, F#3, Bb5). Nothing else. Output only the answer.","Listen to this audio clip of a single musical note. The recording may have been sped up or slowed down. Identify the PITCH of the note as it sounds in the audio. What is the solfege syllable and accidental (if needed) of this pitch? Use fixed-do (do=C, re=D, mi=E, fa=F, sol=G, la=A, si=B). Include sharps or flats when needed (e.g. do#, reb, fa#, sib). Do NOT include the octave. Reply with ONLY the syllable and accidental (if needed). Nothing else. Output only the answer.","Listen to this audio clip of a single musical note. The recording may have been sped up or slowed down. Identify the PITCH of the note as it sounds in the audio. What is the main pitch frequency, expressed in Hertz? Reply with ONLY a number (the frequency in Hz). Nothing else. Output only the answer."
resample_0.5x,resample,0.5,72,C5,synth_lead,instrument,84,,0,0,0,0,C6,G#6,0,0,1,do,sol#,0,0,0,Listen to the audio*,G#6,sol#,1,/home/hsnu2/PitchBench/data/analysis_audio/pitchbench_e4_time_stretching/C5_synth_lead_3000ms_resample_0p50x.wav,C5_synth_lead_3000ms_resample_0p50x.wav,Listen to this audio clip of a single musical note. The recording may have been sped up or slowed down. Identify the PITCH of the note as it sounds in the audio. What is the MIDI note number (an integer from 0 to 127)? Reply with ONLY the integer. Nothing else. Output only the answer.,"Listen to this audio clip of a single musical note. The recording may have been sped up or slowed down. Identify the PITCH of the note as it sounds in the audio. What is the note name and octave? Reply with ONLY the note name in Scientific Pitch Notation (e.g. C4, F#3, Bb5). Nothing else. Output only the answer.","Listen to this audio clip of a single musical note. The recording may have been sped up or slowed down. Identify the PITCH of the note as it sounds in the audio. What is the solfege syllable and accidental (if needed) of this pitch? Use fixed-do (do=C, re=D, mi=E, fa=F, sol=G, la=A, si=B). Include sharps or flats when needed (e.g. do#, reb, fa#, sib). Do NOT include the octave. Reply with ONLY the syllable and accidental (if needed). Nothing else. Output only the answer.","Listen to this audio clip of a single musical note. The recording may have been sped up or slowed down. Identify the PITCH of the note as it sounds in the audio. What is the main pitch frequency, expressed in Hertz? Reply with ONLY a number (the frequency in Hz). Nothing else. Output only the answer."
resample_0.5x,resample,0.5,77,F5,synth_lead,instrument,89,101,0,0,1,0,F6,C7,0,0,0,fa,do#,0,0,0,101,C7,do#,1046,/home/hsnu2/PitchBench/data/analysis_audio/pitchbench_e4_time_stretching/F5_synth_lead_3000ms_resample_0p50x.wav,F5_synth_lead_3000ms_resample_0p50x.wav,Listen to this audio clip of a single musical note. The recording may have been sped up or slowed down. Identify the PITCH of the note as it sounds in the audio. What is the MIDI note number (an integer from 0 to 127)? Reply with ONLY the integer. Nothing else. Output only the answer.,"Listen to this audio clip of a single musical note. The recording may have been sped up or slowed down. Identify the PITCH of the note as it sounds in the audio. What is the note name and octave? Reply with ONLY the note name in Scientific Pitch Notation (e.g. C4, F#3, Bb5). Nothing else. Output only the answer.","Listen to this audio clip of a single musical note. The recording may have been sped up or slowed down. Identify the PITCH of the note as it sounds in the audio. What is the solfege syllable and accidental (if needed) of this pitch? Use fixed-do (do=C, re=D, mi=E, fa=F, sol=G, la=A, si=B). Include sharps or flats when needed (e.g. do#, reb, fa#, sib). Do NOT include the octave. Reply with ONLY the syllable and accidental (if needed). Nothing else. Output only the answer.","Listen to this audio clip of a single musical note. The recording may have been sped up or slowed down. Identify the PITCH of the note as it sounds in the audio. What is the main pitch frequency, expressed in Hertz? Reply with ONLY a number (the frequency in Hz). Nothing else. Output only the answer."
resample_0.5x,resample,0.5,84,C6,synth_lead,instrument,96,101,0,0,0,1,C7,F#6,0,0,0,do,sol#,0,0,0,101,F#6,sol#,1046,/home/hsnu2/PitchBench/data/analysis_audio/pitchbench_e4_time_stretching/C6_synth_lead_3000ms_resample_0p50x.wav,C6_synth_lead_3000ms_resample_0p50x.wav,Listen to this audio clip of a single musical note. The recording may have been sped up or slowed down. Identify the PITCH of the note as it sounds in the audio. What is the MIDI note number (an integer from 0 to 127)? Reply with ONLY the integer. Nothing else. Output only the answer.,"Listen to this audio clip of a single musical note. The recording may have been sped up or slowed down. Identify the PITCH of the note as it sounds in the audio. What is the note name and octave? Reply with ONLY the note name in Scientific Pitch Notation (e.g. C4, F#3, Bb5). Nothing else. Output only the answer.","Listen to this audio clip of a single musical note. The recording may have been sped up or slowed down. Identify the PITCH of the note as it sounds in the audio. What is the solfege syllable and accidental (if needed) of this pitch? Use fixed-do (do=C, re=D, mi=E, fa=F, sol=G, la=A, si=B). Include sharps or flats when needed (e.g. do#, reb, fa#, sib). Do NOT include the octave. Reply with ONLY the syllable and accidental (if needed). Nothing else. Output only the answer.","Listen to this audio clip of a single musical note. The recording may have been sped up or slowed down. Identify the PITCH of the note as it sounds in the audio. What is the main pitch frequency, expressed in Hertz? Reply with ONLY a number (the frequency in Hz). Nothing else. Output only the answer."
resample_2x,resample,2.0,36,C2,synth_lead,instrument,24,,0,0,0,0,C1,F2,0,0,0,do,,0,0,0,simulation:* Since I,F2,Listen to the audio,6,/home/hsnu2/PitchBench/data/analysis_audio/pitchbench_e4_time_stretching/C2_synth_lead_3000ms_resample_2p00x.wav,C2_synth_lead_3000ms_resample_2p00x.wav,Listen to this audio clip of a single musical note. The recording may have been sped up or slowed down. Identify the PITCH of the note as it sounds in the audio. What is the MIDI note number (an integer from 0 to 127)? Reply with ONLY the integer. Nothing else. Output only the answer.,"Listen to this audio clip of a single musical note. The recording may have been sped up or slowed down. Identify the PITCH of the note as it sounds in the audio. What is the note name and octave? Reply with ONLY the note name in Scientific Pitch Notation (e.g. C4, F#3, Bb5). Nothing else. Output only the answer.","Listen to this audio clip of a single musical note. The recording may have been sped up or slowed down. Identify the PITCH of the note as it sounds in the audio. What is the solfege syllable and accidental (if needed) of this pitch? Use fixed-do (do=C, re=D, mi=E, fa=F, sol=G, la=A, si=B). Include sharps or flats when needed (e.g. do#, reb, fa#, sib). Do NOT include the octave. Reply with ONLY the syllable and accidental (if needed). Nothing else. Output only the answer.","Listen to this audio clip of a single musical note. The recording may have been sped up or slowed down. Identify the PITCH of the note as it sounds in the audio. What is the main pitch frequency, expressed in Hertz? Reply with ONLY a number (the frequency in Hz). Nothing else. Output only the answer."
resample_2x,resample,2.0,43,G2,synth_lead,instrument,31,31,1,1,1,1,G1,D#2,0,0,0,sol,,0,0,1,31,D#2,I cannot directly listen,110.0,/home/hsnu2/PitchBench/data/analysis_audio/pitchbench_e4_time_stretching/G2_synth_lead_3000ms_resample_2p00x.wav,G2_synth_lead_3000ms_resample_2p00x.wav,Listen to this audio clip of a single musical note. The recording may have been sped up or slowed down. Identify the PITCH of the note as it sounds in the audio. What is the MIDI note number (an integer from 0 to 127)? Reply with ONLY the integer. Nothing else. Output only the answer.,"Listen to this audio clip of a single musical note. The recording may have been sped up or slowed down. Identify the PITCH of the note as it sounds in the audio. What is the note name and octave? Reply with ONLY the note name in Scientific Pitch Notation (e.g. C4, F#3, Bb5). Nothing else. Output only the answer.","Listen to this audio clip of a single musical note. The recording may have been sped up or slowed down. Identify the PITCH of the note as it sounds in the audio. What is the solfege syllable and accidental (if needed) of this pitch? Use fixed-do (do=C, re=D, mi=E, fa=F, sol=G, la=A, si=B). Include sharps or flats when needed (e.g. do#, reb, fa#, sib). Do NOT include the octave. Reply with ONLY the syllable and accidental (if needed). Nothing else. Output only the answer.","Listen to this audio clip of a single musical note. The recording may have been sped up or slowed down. Identify the PITCH of the note as it sounds in the audio. What is the main pitch frequency, expressed in Hertz? Reply with ONLY a number (the frequency in Hz). Nothing else. Output only the answer."
resample_2x,resample,2.0,48,C3,synth_lead,instrument,36,,0,0,0,0,C2,,0,0,0,do,sol#,0,0,0,* I cannot,F#,sol#,98,/home/hsnu2/PitchBench/data/analysis_audio/pitchbench_e4_time_stretching/C3_synth_lead_3000ms_resample_2p00x.wav,C3_synth_lead_3000ms_resample_2p00x.wav,Listen to this audio clip of a single musical note. The recording may have been sped up or slowed down. Identify the PITCH of the note as it sounds in the audio. What is the MIDI note number (an integer from 0 to 127)? Reply with ONLY the integer. Nothing else. Output only the answer.,"Listen to this audio clip of a single musical note. The recording may have been sped up or slowed down. Identify the PITCH of the note as it sounds in the audio. What is the note name and octave? Reply with ONLY the note name in Scientific Pitch Notation (e.g. C4, F#3, Bb5). Nothing else. Output only the answer.","Listen to this audio clip of a single musical note. The recording may have been sped up or slowed down. Identify the PITCH of the note as it sounds in the audio. What is the solfege syllable and accidental (if needed) of this pitch? Use fixed-do (do=C, re=D, mi=E, fa=F, sol=G, la=A, si=B). Include sharps or flats when needed (e.g. do#, reb, fa#, sib). Do NOT include the octave. Reply with ONLY the syllable and accidental (if needed). Nothing else. Output only the answer.","Listen to this audio clip of a single musical note. The recording may have been sped up or slowed down. Identify the PITCH of the note as it sounds in the audio. What is the main pitch frequency, expressed in Hertz? Reply with ONLY a number (the frequency in Hz). Nothing else. Output only the answer."
resample_2x,resample,2.0,54,F#3,synth_lead,instrument,42,41,0,1,0,1,F#2,F#2,1,1,1,fa#,sol#,0,0,1,41,F#2,sol#,139.69,/home/hsnu2/PitchBench/data/analysis_audio/pitchbench_e4_time_stretching/Fs3_synth_lead_3000ms_resample_2p00x.wav,Fs3_synth_lead_3000ms_resample_2p00x.wav,Listen to this audio clip of a single musical note. The recording may have been sped up or slowed down. Identify the PITCH of the note as it sounds in the audio. What is the MIDI note number (an integer from 0 to 127)? Reply with ONLY the integer. Nothing else. Output only the answer.,"Listen to this audio clip of a single musical note. The recording may have been sped up or slowed down. Identify the PITCH of the note as it sounds in the audio. What is the note name and octave? Reply with ONLY the note name in Scientific Pitch Notation (e.g. C4, F#3, Bb5). Nothing else. Output only the answer.","Listen to this audio clip of a single musical note. The recording may have been sped up or slowed down. Identify the PITCH of the note as it sounds in the audio. What is the solfege syllable and accidental (if needed) of this pitch? Use fixed-do (do=C, re=D, mi=E, fa=F, sol=G, la=A, si=B). Include sharps or flats when needed (e.g. do#, reb, fa#, sib). Do NOT include the octave. Reply with ONLY the syllable and accidental (if needed). Nothing else. Output only the answer.","Listen to this audio clip of a single musical note. The recording may have been sped up or slowed down. Identify the PITCH of the note as it sounds in the audio. What is the main pitch frequency, expressed in Hertz? Reply with ONLY a number (the frequency in Hz). Nothing else. Output only the answer."
resample_2x,resample,2.0,58,A#3,synth_lead,instrument,46,31,0,0,0,0,A#2,C4,0,0,0,la#,,0,0,0,31,C4,Listen to the audio,65.4,/home/hsnu2/PitchBench/data/analysis_audio/pitchbench_e4_time_stretching/As3_synth_lead_3000ms_resample_2p00x.wav,As3_synth_lead_3000ms_resample_2p00x.wav,Listen to this audio clip of a single musical note. The recording may have been sped up or slowed down. Identify the PITCH of the note as it sounds in the audio. What is the MIDI note number (an integer from 0 to 127)? Reply with ONLY the integer. Nothing else. Output only the answer.,"Listen to this audio clip of a single musical note. The recording may have been sped up or slowed down. Identify the PITCH of the note as it sounds in the audio. What is the note name and octave? Reply with ONLY the note name in Scientific Pitch Notation (e.g. C4, F#3, Bb5). Nothing else. Output only the answer.","Listen to this audio clip of a single musical note. The recording may have been sped up or slowed down. Identify the PITCH of the note as it sounds in the audio. What is the solfege syllable and accidental (if needed) of this pitch? Use fixed-do (do=C, re=D, mi=E, fa=F, sol=G, la=A, si=B). Include sharps or flats when needed (e.g. do#, reb, fa#, sib). Do NOT include the octave. Reply with ONLY the syllable and accidental (if needed). Nothing else. Output only the answer.","Listen to this audio clip of a single musical note. The recording may have been sped up or slowed down. Identify the PITCH of the note as it sounds in the audio. What is the main pitch frequency, expressed in Hertz? Reply with ONLY a number (the frequency in Hz). Nothing else. Output only the answer."
resample_2x,resample,2.0,60,C4,synth_lead,instrument,48,43,0,0,0,0,C3,F#2,0,0,0,do,,0,0,0,43,F#2,Listen to the audio,65.4,/home/hsnu2/PitchBench/data/analysis_audio/pitchbench_e4_time_stretching/C4_synth_lead_3000ms_resample_2p00x.wav,C4_synth_lead_3000ms_resample_2p00x.wav,Listen to this audio clip of a single musical note. The recording may have been sped up or slowed down. Identify the PITCH of the note as it sounds in the audio. What is the MIDI note number (an integer from 0 to 127)? Reply with ONLY the integer. Nothing else. Output only the answer.,"Listen to this audio clip of a single musical note. The recording may have been sped up or slowed down. Identify the PITCH of the note as it sounds in the audio. What is the note name and octave? Reply with ONLY the note name in Scientific Pitch Notation (e.g. C4, F#3, Bb5). Nothing else. Output only the answer.","Listen to this audio clip of a single musical note. The recording may have been sped up or slowed down. Identify the PITCH of the note as it sounds in the audio. What is the solfege syllable and accidental (if needed) of this pitch? Use fixed-do (do=C, re=D, mi=E, fa=F, sol=G, la=A, si=B). Include sharps or flats when needed (e.g. do#, reb, fa#, sib). Do NOT include the octave. Reply with ONLY the syllable and accidental (if needed). Nothing else. Output only the answer.","Listen to this audio clip of a single musical note. The recording may have been sped up or slowed down. Identify the PITCH of the note as it sounds in the audio. What is the main pitch frequency, expressed in Hertz? Reply with ONLY a number (the frequency in Hz). Nothing else. Output only the answer."
resample_2x,resample,2.0,64,E4,synth_lead,instrument,52,7,0,0,0,0,E3,F#4,0,0,0,mi,sol#,0,0,0,7,F#4,sol#,130.,/home/hsnu2/PitchBench/data/analysis_audio/pitchbench_e4_time_stretching/E4_synth_lead_3000ms_resample_2p00x.wav,E4_synth_lead_3000ms_resample_2p00x.wav,Listen to this audio clip of a single musical note. The recording may have been sped up or slowed down. Identify the PITCH of the note as it sounds in the audio. What is the MIDI note number (an integer from 0 to 127)? Reply with ONLY the integer. Nothing else. Output only the answer.,"Listen to this audio clip of a single musical note. The recording may have been sped up or slowed down. Identify the PITCH of the note as it sounds in the audio. What is the note name and octave? Reply with ONLY the note name in Scientific Pitch Notation (e.g. C4, F#3, Bb5). Nothing else. Output only the answer.","Listen to this audio clip of a single musical note. The recording may have been sped up or slowed down. Identify the PITCH of the note as it sounds in the audio. What is the solfege syllable and accidental (if needed) of this pitch? Use fixed-do (do=C, re=D, mi=E, fa=F, sol=G, la=A, si=B). Include sharps or flats when needed (e.g. do#, reb, fa#, sib). Do NOT include the octave. Reply with ONLY the syllable and accidental (if needed). Nothing else. Output only the answer.","Listen to this audio clip of a single musical note. The recording may have been sped up or slowed down. Identify the PITCH of the note as it sounds in the audio. What is the main pitch frequency, expressed in Hertz? Reply with ONLY a number (the frequency in Hz). Nothing else. Output only the answer."
resample_2x,resample,2.0,67,G4,synth_lead,instrument,55,83,0,0,0,0,G3,F2,0,0,0,sol,,0,0,0,83,F2,Listen to the audio.,103.83,/home/hsnu2/PitchBench/data/analysis_audio/pitchbench_e4_time_stretching/G4_synth_lead_3000ms_resample_2p00x.wav,G4_synth_lead_3000ms_resample_2p00x.wav,Listen to this audio clip of a single musical note. The recording may have been sped up or slowed down. Identify the PITCH of the note as it sounds in the audio. What is the MIDI note number (an integer from 0 to 127)? Reply with ONLY the integer. Nothing else. Output only the answer.,"Listen to this audio clip of a single musical note. The recording may have been sped up or slowed down. Identify the PITCH of the note as it sounds in the audio. What is the note name and octave? Reply with ONLY the note name in Scientific Pitch Notation (e.g. C4, F#3, Bb5). Nothing else. Output only the answer.","Listen to this audio clip of a single musical note. The recording may have been sped up or slowed down. Identify the PITCH of the note as it sounds in the audio. What is the solfege syllable and accidental (if needed) of this pitch? Use fixed-do (do=C, re=D, mi=E, fa=F, sol=G, la=A, si=B). Include sharps or flats when needed (e.g. do#, reb, fa#, sib). Do NOT include the octave. Reply with ONLY the syllable and accidental (if needed). Nothing else. Output only the answer.","Listen to this audio clip of a single musical note. The recording may have been sped up or slowed down. Identify the PITCH of the note as it sounds in the audio. What is the main pitch frequency, expressed in Hertz? Reply with ONLY a number (the frequency in Hz). Nothing else. Output only the answer."
resample_2x,resample,2.0,69,A4,synth_lead,instrument,57,101,0,0,0,0,A3,F#5,0,0,0,la,sol#,0,0,0,101,F#5,sol#,1046.5,/home/hsnu2/PitchBench/data/analysis_audio/pitchbench_e4_time_stretching/A4_synth_lead_3000ms_resample_2p00x.wav,A4_synth_lead_3000ms_resample_2p00x.wav,Listen to this audio clip of a single musical note. The recording may have been sped up or slowed down. Identify the PITCH of the note as it sounds in the audio. What is the MIDI note number (an integer from 0 to 127)? Reply with ONLY the integer. Nothing else. Output only the answer.,"Listen to this audio clip of a single musical note. The recording may have been sped up or slowed down. Identify the PITCH of the note as it sounds in the audio. What is the note name and octave? Reply with ONLY the note name in Scientific Pitch Notation (e.g. C4, F#3, Bb5). Nothing else. Output only the answer.","Listen to this audio clip of a single musical note. The recording may have been sped up or slowed down. Identify the PITCH of the note as it sounds in the audio. What is the solfege syllable and accidental (if needed) of this pitch? Use fixed-do (do=C, re=D, mi=E, fa=F, sol=G, la=A, si=B). Include sharps or flats when needed (e.g. do#, reb, fa#, sib). Do NOT include the octave. Reply with ONLY the syllable and accidental (if needed). Nothing else. Output only the answer.","Listen to this audio clip of a single musical note. The recording may have been sped up or slowed down. Identify the PITCH of the note as it sounds in the audio. What is the main pitch frequency, expressed in Hertz? Reply with ONLY a number (the frequency in Hz). Nothing else. Output only the answer."
resample_2x,resample,2.0,72,C5,synth_lead,instrument,60,83,0,0,0,0,C4,F#5,0,0,0,do,sol#,0,0,0,83,F#5,sol#,104,/home/hsnu2/PitchBench/data/analysis_audio/pitchbench_e4_time_stretching/C5_synth_lead_3000ms_resample_2p00x.wav,C5_synth_lead_3000ms_resample_2p00x.wav,Listen to this audio clip of a single musical note. The recording may have been sped up or slowed down. Identify the PITCH of the note as it sounds in the audio. What is the MIDI note number (an integer from 0 to 127)? Reply with ONLY the integer. Nothing else. Output only the answer.,"Listen to this audio clip of a single musical note. The recording may have been sped up or slowed down. Identify the PITCH of the note as it sounds in the audio. What is the note name and octave? Reply with ONLY the note name in Scientific Pitch Notation (e.g. C4, F#3, Bb5). Nothing else. Output only the answer.","Listen to this audio clip of a single musical note. The recording may have been sped up or slowed down. Identify the PITCH of the note as it sounds in the audio. What is the solfege syllable and accidental (if needed) of this pitch? Use fixed-do (do=C, re=D, mi=E, fa=F, sol=G, la=A, si=B). Include sharps or flats when needed (e.g. do#, reb, fa#, sib). Do NOT include the octave. Reply with ONLY the syllable and accidental (if needed). Nothing else. Output only the answer.","Listen to this audio clip of a single musical note. The recording may have been sped up or slowed down. Identify the PITCH of the note as it sounds in the audio. What is the main pitch frequency, expressed in Hertz? Reply with ONLY a number (the frequency in Hz). Nothing else. Output only the answer."
resample_2x,resample,2.0,77,F5,synth_lead,instrument,65,89,0,0,1,0,F4,,0,0,0,fa,fa#,0,0,0,89,* I,fa#,2793,/home/hsnu2/PitchBench/data/analysis_audio/pitchbench_e4_time_stretching/F5_synth_lead_3000ms_resample_2p00x.wav,F5_synth_lead_3000ms_resample_2p00x.wav,Listen to this audio clip of a single musical note. The recording may have been sped up or slowed down. Identify the PITCH of the note as it sounds in the audio. What is the MIDI note number (an integer from 0 to 127)? Reply with ONLY the integer. Nothing else. Output only the answer.,"Listen to this audio clip of a single musical note. The recording may have been sped up or slowed down. Identify the PITCH of the note as it sounds in the audio. What is the note name and octave? Reply with ONLY the note name in Scientific Pitch Notation (e.g. C4, F#3, Bb5). Nothing else. Output only the answer.","Listen to this audio clip of a single musical note. The recording may have been sped up or slowed down. Identify the PITCH of the note as it sounds in the audio. What is the solfege syllable and accidental (if needed) of this pitch? Use fixed-do (do=C, re=D, mi=E, fa=F, sol=G, la=A, si=B). Include sharps or flats when needed (e.g. do#, reb, fa#, sib). Do NOT include the octave. Reply with ONLY the syllable and accidental (if needed). Nothing else. Output only the answer.","Listen to this audio clip of a single musical note. The recording may have been sped up or slowed down. Identify the PITCH of the note as it sounds in the audio. What is the main pitch frequency, expressed in Hertz? Reply with ONLY a number (the frequency in Hz). Nothing else. Output only the answer."
resample_2x,resample,2.0,84,C6,synth_lead,instrument,72,103,0,0,0,0,C5,,0,0,0,do,sol#,0,0,0,103,* I,sol#,1046.,/home/hsnu2/PitchBench/data/analysis_audio/pitchbench_e4_time_stretching/C6_synth_lead_3000ms_resample_2p00x.wav,C6_synth_lead_3000ms_resample_2p00x.wav,Listen to this audio clip of a single musical note. The recording may have been sped up or slowed down. Identify the PITCH of the note as it sounds in the audio. What is the MIDI note number (an integer from 0 to 127)? Reply with ONLY the integer. Nothing else. Output only the answer.,"Listen to this audio clip of a single musical note. The recording may have been sped up or slowed down. Identify the PITCH of the note as it sounds in the audio. What is the note name and octave? Reply with ONLY the note name in Scientific Pitch Notation (e.g. C4, F#3, Bb5). Nothing else. Output only the answer.","Listen to this audio clip of a single musical note. The recording may have been sped up or slowed down. Identify the PITCH of the note as it sounds in the audio. What is the solfege syllable and accidental (if needed) of this pitch? Use fixed-do (do=C, re=D, mi=E, fa=F, sol=G, la=A, si=B). Include sharps or flats when needed (e.g. do#, reb, fa#, sib). Do NOT include the octave. Reply with ONLY the syllable and accidental (if needed). Nothing else. Output only the answer.","Listen to this audio clip of a single musical note. The recording may have been sped up or slowed down. Identify the PITCH of the note as it sounds in the audio. What is the main pitch frequency, expressed in Hertz? Reply with ONLY a number (the frequency in Hz). Nothing else. Output only the answer."
stretch_0.5x,stretch,0.5,36,C2,synth_lead,instrument,36,36,1,1,1,1,C2,,0,0,0,do,sol#,0,0,1,36,F,sol#,1046,/home/hsnu2/PitchBench/data/analysis_audio/pitchbench_e4_time_stretching/C2_synth_lead_3000ms_stretch_0p50x.wav,C2_synth_lead_3000ms_stretch_0p50x.wav,Listen to this audio clip of a single musical note. The recording may have been sped up or slowed down. Identify the PITCH of the note as it sounds in the audio. What is the MIDI note number (an integer from 0 to 127)? Reply with ONLY the integer. Nothing else. Output only the answer.,"Listen to this audio clip of a single musical note. The recording may have been sped up or slowed down. Identify the PITCH of the note as it sounds in the audio. What is the note name and octave? Reply with ONLY the note name in Scientific Pitch Notation (e.g. C4, F#3, Bb5). Nothing else. Output only the answer.","Listen to this audio clip of a single musical note. The recording may have been sped up or slowed down. Identify the PITCH of the note as it sounds in the audio. What is the solfege syllable and accidental (if needed) of this pitch? Use fixed-do (do=C, re=D, mi=E, fa=F, sol=G, la=A, si=B). Include sharps or flats when needed (e.g. do#, reb, fa#, sib). Do NOT include the octave. Reply with ONLY the syllable and accidental (if needed). Nothing else. Output only the answer.","Listen to this audio clip of a single musical note. The recording may have been sped up or slowed down. Identify the PITCH of the note as it sounds in the audio. What is the main pitch frequency, expressed in Hertz? Reply with ONLY a number (the frequency in Hz). Nothing else. Output only the answer."
stretch_0.5x,stretch,0.5,43,G2,synth_lead,instrument,43,41,0,0,0,1,G2,F#6,0,0,0,sol,sol#,0,0,0,41,F#6,sol#,104,/home/hsnu2/PitchBench/data/analysis_audio/pitchbench_e4_time_stretching/G2_synth_lead_3000ms_stretch_0p50x.wav,G2_synth_lead_3000ms_stretch_0p50x.wav,Listen to this audio clip of a single musical note. The recording may have been sped up or slowed down. Identify the PITCH of the note as it sounds in the audio. What is the MIDI note number (an integer from 0 to 127)? Reply with ONLY the integer. Nothing else. Output only the answer.,"Listen to this audio clip of a single musical note. The recording may have been sped up or slowed down. Identify the PITCH of the note as it sounds in the audio. What is the note name and octave? Reply with ONLY the note name in Scientific Pitch Notation (e.g. C4, F#3, Bb5). Nothing else. Output only the answer.","Listen to this audio clip of a single musical note. The recording may have been sped up or slowed down. Identify the PITCH of the note as it sounds in the audio. What is the solfege syllable and accidental (if needed) of this pitch? Use fixed-do (do=C, re=D, mi=E, fa=F, sol=G, la=A, si=B). Include sharps or flats when needed (e.g. do#, reb, fa#, sib). Do NOT include the octave. Reply with ONLY the syllable and accidental (if needed). Nothing else. Output only the answer.","Listen to this audio clip of a single musical note. The recording may have been sped up or slowed down. Identify the PITCH of the note as it sounds in the audio. What is the main pitch frequency, expressed in Hertz? Reply with ONLY a number (the frequency in Hz). Nothing else. Output only the answer."
stretch_0.5x,stretch,0.5,48,C3,synth_lead,instrument,48,60,0,0,1,0,C3,C4,0,1,0,do,sol#,0,0,0,60,C4,sol#,261.63,/home/hsnu2/PitchBench/data/analysis_audio/pitchbench_e4_time_stretching/C3_synth_lead_3000ms_stretch_0p50x.wav,C3_synth_lead_3000ms_stretch_0p50x.wav,Listen to this audio clip of a single musical note. The recording may have been sped up or slowed down. Identify the PITCH of the note as it sounds in the audio. What is the MIDI note number (an integer from 0 to 127)? Reply with ONLY the integer. Nothing else. Output only the answer.,"Listen to this audio clip of a single musical note. The recording may have been sped up or slowed down. Identify the PITCH of the note as it sounds in the audio. What is the note name and octave? Reply with ONLY the note name in Scientific Pitch Notation (e.g. C4, F#3, Bb5). Nothing else. Output only the answer.","Listen to this audio clip of a single musical note. The recording may have been sped up or slowed down. Identify the PITCH of the note as it sounds in the audio. What is the solfege syllable and accidental (if needed) of this pitch? Use fixed-do (do=C, re=D, mi=E, fa=F, sol=G, la=A, si=B). Include sharps or flats when needed (e.g. do#, reb, fa#, sib). Do NOT include the octave. Reply with ONLY the syllable and accidental (if needed). Nothing else. Output only the answer.","Listen to this audio clip of a single musical note. The recording may have been sped up or slowed down. Identify the PITCH of the note as it sounds in the audio. What is the main pitch frequency, expressed in Hertz? Reply with ONLY a number (the frequency in Hz). Nothing else. Output only the answer."
stretch_0.5x,stretch,0.5,54,F#3,synth_lead,instrument,54,,0,0,0,0,F#3,F#5,0,1,0,fa#,sol#,0,0,0,"* Wait, I",F#5,sol#,65.,/home/hsnu2/PitchBench/data/analysis_audio/pitchbench_e4_time_stretching/Fs3_synth_lead_3000ms_stretch_0p50x.wav,Fs3_synth_lead_3000ms_stretch_0p50x.wav,Listen to this audio clip of a single musical note. The recording may have been sped up or slowed down. Identify the PITCH of the note as it sounds in the audio. What is the MIDI note number (an integer from 0 to 127)? Reply with ONLY the integer. Nothing else. Output only the answer.,"Listen to this audio clip of a single musical note. The recording may have been sped up or slowed down. Identify the PITCH of the note as it sounds in the audio. What is the note name and octave? Reply with ONLY the note name in Scientific Pitch Notation (e.g. C4, F#3, Bb5). Nothing else. Output only the answer.","Listen to this audio clip of a single musical note. The recording may have been sped up or slowed down. Identify the PITCH of the note as it sounds in the audio. What is the solfege syllable and accidental (if needed) of this pitch? Use fixed-do (do=C, re=D, mi=E, fa=F, sol=G, la=A, si=B). Include sharps or flats when needed (e.g. do#, reb, fa#, sib). Do NOT include the octave. Reply with ONLY the syllable and accidental (if needed). Nothing else. Output only the answer.","Listen to this audio clip of a single musical note. The recording may have been sped up or slowed down. Identify the PITCH of the note as it sounds in the audio. What is the main pitch frequency, expressed in Hertz? Reply with ONLY a number (the frequency in Hz). Nothing else. Output only the answer."
stretch_0.5x,stretch,0.5,58,A#3,synth_lead,instrument,58,61,0,0,0,0,A#3,D#4,0,0,0,la#,sol#,0,0,0,61,D#4,sol#,10,/home/hsnu2/PitchBench/data/analysis_audio/pitchbench_e4_time_stretching/As3_synth_lead_3000ms_stretch_0p50x.wav,As3_synth_lead_3000ms_stretch_0p50x.wav,Listen to this audio clip of a single musical note. The recording may have been sped up or slowed down. Identify the PITCH of the note as it sounds in the audio. What is the MIDI note number (an integer from 0 to 127)? Reply with ONLY the integer. Nothing else. Output only the answer.,"Listen to this audio clip of a single musical note. The recording may have been sped up or slowed down. Identify the PITCH of the note as it sounds in the audio. What is the note name and octave? Reply with ONLY the note name in Scientific Pitch Notation (e.g. C4, F#3, Bb5). Nothing else. Output only the answer.","Listen to this audio clip of a single musical note. The recording may have been sped up or slowed down. Identify the PITCH of the note as it sounds in the audio. What is the solfege syllable and accidental (if needed) of this pitch? Use fixed-do (do=C, re=D, mi=E, fa=F, sol=G, la=A, si=B). Include sharps or flats when needed (e.g. do#, reb, fa#, sib). Do NOT include the octave. Reply with ONLY the syllable and accidental (if needed). Nothing else. Output only the answer.","Listen to this audio clip of a single musical note. The recording may have been sped up or slowed down. Identify the PITCH of the note as it sounds in the audio. What is the main pitch frequency, expressed in Hertz? Reply with ONLY a number (the frequency in Hz). Nothing else. Output only the answer."
stretch_0.5x,stretch,0.5,60,C4,synth_lead,instrument,60,72,0,0,1,0,C4,C3,0,1,0,do,do,1,0,0,72,C3,). Do NOT,10,/home/hsnu2/PitchBench/data/analysis_audio/pitchbench_e4_time_stretching/C4_synth_lead_3000ms_stretch_0p50x.wav,C4_synth_lead_3000ms_stretch_0p50x.wav,Listen to this audio clip of a single musical note. The recording may have been sped up or slowed down. Identify the PITCH of the note as it sounds in the audio. What is the MIDI note number (an integer from 0 to 127)? Reply with ONLY the integer. Nothing else. Output only the answer.,"Listen to this audio clip of a single musical note. The recording may have been sped up or slowed down. Identify the PITCH of the note as it sounds in the audio. What is the note name and octave? Reply with ONLY the note name in Scientific Pitch Notation (e.g. C4, F#3, Bb5). Nothing else. Output only the answer.","Listen to this audio clip of a single musical note. The recording may have been sped up or slowed down. Identify the PITCH of the note as it sounds in the audio. What is the solfege syllable and accidental (if needed) of this pitch? Use fixed-do (do=C, re=D, mi=E, fa=F, sol=G, la=A, si=B). Include sharps or flats when needed (e.g. do#, reb, fa#, sib). Do NOT include the octave. Reply with ONLY the syllable and accidental (if needed). Nothing else. Output only the answer.","Listen to this audio clip of a single musical note. The recording may have been sped up or slowed down. Identify the PITCH of the note as it sounds in the audio. What is the main pitch frequency, expressed in Hertz? Reply with ONLY a number (the frequency in Hz). Nothing else. Output only the answer."
stretch_0.5x,stretch,0.5,64,E4,synth_lead,instrument,64,83,0,0,0,0,E4,F6,0,0,0,mi,sol#,0,0,0,83,F6,sol#,110,/home/hsnu2/PitchBench/data/analysis_audio/pitchbench_e4_time_stretching/E4_synth_lead_3000ms_stretch_0p50x.wav,E4_synth_lead_3000ms_stretch_0p50x.wav,Listen to this audio clip of a single musical note. The recording may have been sped up or slowed down. Identify the PITCH of the note as it sounds in the audio. What is the MIDI note number (an integer from 0 to 127)? Reply with ONLY the integer. Nothing else. Output only the answer.,"Listen to this audio clip of a single musical note. The recording may have been sped up or slowed down. Identify the PITCH of the note as it sounds in the audio. What is the note name and octave? Reply with ONLY the note name in Scientific Pitch Notation (e.g. C4, F#3, Bb5). Nothing else. Output only the answer.","Listen to this audio clip of a single musical note. The recording may have been sped up or slowed down. Identify the PITCH of the note as it sounds in the audio. What is the solfege syllable and accidental (if needed) of this pitch? Use fixed-do (do=C, re=D, mi=E, fa=F, sol=G, la=A, si=B). Include sharps or flats when needed (e.g. do#, reb, fa#, sib). Do NOT include the octave. Reply with ONLY the syllable and accidental (if needed). Nothing else. Output only the answer.","Listen to this audio clip of a single musical note. The recording may have been sped up or slowed down. Identify the PITCH of the note as it sounds in the audio. What is the main pitch frequency, expressed in Hertz? Reply with ONLY a number (the frequency in Hz). Nothing else. Output only the answer."
stretch_0.5x,stretch,0.5,67,G4,synth_lead,instrument,67,101,0,0,0,0,G4,F#4,0,0,1,sol,sol#,0,0,0,101,F#4,sol#,261.63,/home/hsnu2/PitchBench/data/analysis_audio/pitchbench_e4_time_stretching/G4_synth_lead_3000ms_stretch_0p50x.wav,G4_synth_lead_3000ms_stretch_0p50x.wav,Listen to this audio clip of a single musical note. The recording may have been sped up or slowed down. Identify the PITCH of the note as it sounds in the audio. What is the MIDI note number (an integer from 0 to 127)? Reply with ONLY the integer. Nothing else. Output only the answer.,"Listen to this audio clip of a single musical note. The recording may have been sped up or slowed down. Identify the PITCH of the note as it sounds in the audio. What is the note name and octave? Reply with ONLY the note name in Scientific Pitch Notation (e.g. C4, F#3, Bb5). Nothing else. Output only the answer.","Listen to this audio clip of a single musical note. The recording may have been sped up or slowed down. Identify the PITCH of the note as it sounds in the audio. What is the solfege syllable and accidental (if needed) of this pitch? Use fixed-do (do=C, re=D, mi=E, fa=F, sol=G, la=A, si=B). Include sharps or flats when needed (e.g. do#, reb, fa#, sib). Do NOT include the octave. Reply with ONLY the syllable and accidental (if needed). Nothing else. Output only the answer.","Listen to this audio clip of a single musical note. The recording may have been sped up or slowed down. Identify the PITCH of the note as it sounds in the audio. What is the main pitch frequency, expressed in Hertz? Reply with ONLY a number (the frequency in Hz). Nothing else. Output only the answer."
stretch_0.5x,stretch,0.5,69,A4,synth_lead,instrument,69,83,0,0,0,0,A4,B6,0,0,0,la,,0,0,0,83,B6,examples,1046.,/home/hsnu2/PitchBench/data/analysis_audio/pitchbench_e4_time_stretching/A4_synth_lead_3000ms_stretch_0p50x.wav,A4_synth_lead_3000ms_stretch_0p50x.wav,Listen to this audio clip of a single musical note. The recording may have been sped up or slowed down. Identify the PITCH of the note as it sounds in the audio. What is the MIDI note number (an integer from 0 to 127)? Reply with ONLY the integer. Nothing else. Output only the answer.,"Listen to this audio clip of a single musical note. The recording may have been sped up or slowed down. Identify the PITCH of the note as it sounds in the audio. What is the note name and octave? Reply with ONLY the note name in Scientific Pitch Notation (e.g. C4, F#3, Bb5). Nothing else. Output only the answer.","Listen to this audio clip of a single musical note. The recording may have been sped up or slowed down. Identify the PITCH of the note as it sounds in the audio. What is the solfege syllable and accidental (if needed) of this pitch? Use fixed-do (do=C, re=D, mi=E, fa=F, sol=G, la=A, si=B). Include sharps or flats when needed (e.g. do#, reb, fa#, sib). Do NOT include the octave. Reply with ONLY the syllable and accidental (if needed). Nothing else. Output only the answer.","Listen to this audio clip of a single musical note. The recording may have been sped up or slowed down. Identify the PITCH of the note as it sounds in the audio. What is the main pitch frequency, expressed in Hertz? Reply with ONLY a number (the frequency in Hz). Nothing else. Output only the answer."
stretch_0.5x,stretch,0.5,72,C5,synth_lead,instrument,72,72,1,1,1,1,C5,C2,0,1,0,do,sol#,0,0,1,72,C2,sol#,1046.5,/home/hsnu2/PitchBench/data/analysis_audio/pitchbench_e4_time_stretching/C5_synth_lead_3000ms_stretch_0p50x.wav,C5_synth_lead_3000ms_stretch_0p50x.wav,Listen to this audio clip of a single musical note. The recording may have been sped up or slowed down. Identify the PITCH of the note as it sounds in the audio. What is the MIDI note number (an integer from 0 to 127)? Reply with ONLY the integer. Nothing else. Output only the answer.,"Listen to this audio clip of a single musical note. The recording may have been sped up or slowed down. Identify the PITCH of the note as it sounds in the audio. What is the note name and octave? Reply with ONLY the note name in Scientific Pitch Notation (e.g. C4, F#3, Bb5). Nothing else. Output only the answer.","Listen to this audio clip of a single musical note. The recording may have been sped up or slowed down. Identify the PITCH of the note as it sounds in the audio. What is the solfege syllable and accidental (if needed) of this pitch? Use fixed-do (do=C, re=D, mi=E, fa=F, sol=G, la=A, si=B). Include sharps or flats when needed (e.g. do#, reb, fa#, sib). Do NOT include the octave. Reply with ONLY the syllable and accidental (if needed). Nothing else. Output only the answer.","Listen to this audio clip of a single musical note. The recording may have been sped up or slowed down. Identify the PITCH of the note as it sounds in the audio. What is the main pitch frequency, expressed in Hertz? Reply with ONLY a number (the frequency in Hz). Nothing else. Output only the answer."
stretch_0.5x,stretch,0.5,77,F5,synth_lead,instrument,77,85,0,0,0,0,F5,D2,0,0,0,fa,sol#,0,0,0,85,D2,sol#,110.00,/home/hsnu2/PitchBench/data/analysis_audio/pitchbench_e4_time_stretching/F5_synth_lead_3000ms_stretch_0p50x.wav,F5_synth_lead_3000ms_stretch_0p50x.wav,Listen to this audio clip of a single musical note. The recording may have been sped up or slowed down. Identify the PITCH of the note as it sounds in the audio. What is the MIDI note number (an integer from 0 to 127)? Reply with ONLY the integer. Nothing else. Output only the answer.,"Listen to this audio clip of a single musical note. The recording may have been sped up or slowed down. Identify the PITCH of the note as it sounds in the audio. What is the note name and octave? Reply with ONLY the note name in Scientific Pitch Notation (e.g. C4, F#3, Bb5). Nothing else. Output only the answer.","Listen to this audio clip of a single musical note. The recording may have been sped up or slowed down. Identify the PITCH of the note as it sounds in the audio. What is the solfege syllable and accidental (if needed) of this pitch? Use fixed-do (do=C, re=D, mi=E, fa=F, sol=G, la=A, si=B). Include sharps or flats when needed (e.g. do#, reb, fa#, sib). Do NOT include the octave. Reply with ONLY the syllable and accidental (if needed). Nothing else. Output only the answer.","Listen to this audio clip of a single musical note. The recording may have been sped up or slowed down. Identify the PITCH of the note as it sounds in the audio. What is the main pitch frequency, expressed in Hertz? Reply with ONLY a number (the frequency in Hz). Nothing else. Output only the answer."
stretch_0.5x,stretch,0.5,84,C6,synth_lead,instrument,84,101,0,0,0,0,C6,C6,1,1,1,do,sol#,0,1,1,101,C6,sol#,1046.,/home/hsnu2/PitchBench/data/analysis_audio/pitchbench_e4_time_stretching/C6_synth_lead_3000ms_stretch_0p50x.wav,C6_synth_lead_3000ms_stretch_0p50x.wav,Listen to this audio clip of a single musical note. The recording may have been sped up or slowed down. Identify the PITCH of the note as it sounds in the audio. What is the MIDI note number (an integer from 0 to 127)? Reply with ONLY the integer. Nothing else. Output only the answer.,"Listen to this audio clip of a single musical note. The recording may have been sped up or slowed down. Identify the PITCH of the note as it sounds in the audio. What is the note name and octave? Reply with ONLY the note name in Scientific Pitch Notation (e.g. C4, F#3, Bb5). Nothing else. Output only the answer.","Listen to this audio clip of a single musical note. The recording may have been sped up or slowed down. Identify the PITCH of the note as it sounds in the audio. What is the solfege syllable and accidental (if needed) of this pitch? Use fixed-do (do=C, re=D, mi=E, fa=F, sol=G, la=A, si=B). Include sharps or flats when needed (e.g. do#, reb, fa#, sib). Do NOT include the octave. Reply with ONLY the syllable and accidental (if needed). Nothing else. Output only the answer.","Listen to this audio clip of a single musical note. The recording may have been sped up or slowed down. Identify the PITCH of the note as it sounds in the audio. What is the main pitch frequency, expressed in Hertz? Reply with ONLY a number (the frequency in Hz). Nothing else. Output only the answer."
stretch_2x,stretch,2.0,36,C2,synth_lead,instrument,36,35,0,1,0,0,C2,C2,1,1,1,do,sol#,0,1,1,35,C2,sol#,65.41,/home/hsnu2/PitchBench/data/analysis_audio/pitchbench_e4_time_stretching/C2_synth_lead_3000ms_stretch_2p00x.wav,C2_synth_lead_3000ms_stretch_2p00x.wav,Listen to this audio clip of a single musical note. The recording may have been sped up or slowed down. Identify the PITCH of the note as it sounds in the audio. What is the MIDI note number (an integer from 0 to 127)? Reply with ONLY the integer. Nothing else. Output only the answer.,"Listen to this audio clip of a single musical note. The recording may have been sped up or slowed down. Identify the PITCH of the note as it sounds in the audio. What is the note name and octave? Reply with ONLY the note name in Scientific Pitch Notation (e.g. C4, F#3, Bb5). Nothing else. Output only the answer.","Listen to this audio clip of a single musical note. The recording may have been sped up or slowed down. Identify the PITCH of the note as it sounds in the audio. What is the solfege syllable and accidental (if needed) of this pitch? Use fixed-do (do=C, re=D, mi=E, fa=F, sol=G, la=A, si=B). Include sharps or flats when needed (e.g. do#, reb, fa#, sib). Do NOT include the octave. Reply with ONLY the syllable and accidental (if needed). Nothing else. Output only the answer.","Listen to this audio clip of a single musical note. The recording may have been sped up or slowed down. Identify the PITCH of the note as it sounds in the audio. What is the main pitch frequency, expressed in Hertz? Reply with ONLY a number (the frequency in Hz). Nothing else. Output only the answer."
stretch_2x,stretch,2.0,43,G2,synth_lead,instrument,43,36,0,0,0,1,G2,D#2,0,0,1,sol,sol#,0,0,0,36,D#2,sol#,110.00,/home/hsnu2/PitchBench/data/analysis_audio/pitchbench_e4_time_stretching/G2_synth_lead_3000ms_stretch_2p00x.wav,G2_synth_lead_3000ms_stretch_2p00x.wav,Listen to this audio clip of a single musical note. The recording may have been sped up or slowed down. Identify the PITCH of the note as it sounds in the audio. What is the MIDI note number (an integer from 0 to 127)? Reply with ONLY the integer. Nothing else. Output only the answer.,"Listen to this audio clip of a single musical note. The recording may have been sped up or slowed down. Identify the PITCH of the note as it sounds in the audio. What is the note name and octave? Reply with ONLY the note name in Scientific Pitch Notation (e.g. C4, F#3, Bb5). Nothing else. Output only the answer.","Listen to this audio clip of a single musical note. The recording may have been sped up or slowed down. Identify the PITCH of the note as it sounds in the audio. What is the solfege syllable and accidental (if needed) of this pitch? Use fixed-do (do=C, re=D, mi=E, fa=F, sol=G, la=A, si=B). Include sharps or flats when needed (e.g. do#, reb, fa#, sib). Do NOT include the octave. Reply with ONLY the syllable and accidental (if needed). Nothing else. Output only the answer.","Listen to this audio clip of a single musical note. The recording may have been sped up or slowed down. Identify the PITCH of the note as it sounds in the audio. What is the main pitch frequency, expressed in Hertz? Reply with ONLY a number (the frequency in Hz). Nothing else. Output only the answer."
stretch_2x,stretch,2.0,48,C3,synth_lead,instrument,48,35,0,0,0,0,C3,D#4,0,0,0,do,,0,1,1,35,D#4,Listen to the audio,130.,/home/hsnu2/PitchBench/data/analysis_audio/pitchbench_e4_time_stretching/C3_synth_lead_3000ms_stretch_2p00x.wav,C3_synth_lead_3000ms_stretch_2p00x.wav,Listen to this audio clip of a single musical note. The recording may have been sped up or slowed down. Identify the PITCH of the note as it sounds in the audio. What is the MIDI note number (an integer from 0 to 127)? Reply with ONLY the integer. Nothing else. Output only the answer.,"Listen to this audio clip of a single musical note. The recording may have been sped up or slowed down. Identify the PITCH of the note as it sounds in the audio. What is the note name and octave? Reply with ONLY the note name in Scientific Pitch Notation (e.g. C4, F#3, Bb5). Nothing else. Output only the answer.","Listen to this audio clip of a single musical note. The recording may have been sped up or slowed down. Identify the PITCH of the note as it sounds in the audio. What is the solfege syllable and accidental (if needed) of this pitch? Use fixed-do (do=C, re=D, mi=E, fa=F, sol=G, la=A, si=B). Include sharps or flats when needed (e.g. do#, reb, fa#, sib). Do NOT include the octave. Reply with ONLY the syllable and accidental (if needed). Nothing else. Output only the answer.","Listen to this audio clip of a single musical note. The recording may have been sped up or slowed down. Identify the PITCH of the note as it sounds in the audio. What is the main pitch frequency, expressed in Hertz? Reply with ONLY a number (the frequency in Hz). Nothing else. Output only the answer."
stretch_2x,stretch,2.0,54,F#3,synth_lead,instrument,54,83,0,0,0,0,F#3,C6,0,0,0,fa#,,0,0,0,83,C6,Listen to the audio.,104,/home/hsnu2/PitchBench/data/analysis_audio/pitchbench_e4_time_stretching/Fs3_synth_lead_3000ms_stretch_2p00x.wav,Fs3_synth_lead_3000ms_stretch_2p00x.wav,Listen to this audio clip of a single musical note. The recording may have been sped up or slowed down. Identify the PITCH of the note as it sounds in the audio. What is the MIDI note number (an integer from 0 to 127)? Reply with ONLY the integer. Nothing else. Output only the answer.,"Listen to this audio clip of a single musical note. The recording may have been sped up or slowed down. Identify the PITCH of the note as it sounds in the audio. What is the note name and octave? Reply with ONLY the note name in Scientific Pitch Notation (e.g. C4, F#3, Bb5). Nothing else. Output only the answer.","Listen to this audio clip of a single musical note. The recording may have been sped up or slowed down. Identify the PITCH of the note as it sounds in the audio. What is the solfege syllable and accidental (if needed) of this pitch? Use fixed-do (do=C, re=D, mi=E, fa=F, sol=G, la=A, si=B). Include sharps or flats when needed (e.g. do#, reb, fa#, sib). Do NOT include the octave. Reply with ONLY the syllable and accidental (if needed). Nothing else. Output only the answer.","Listen to this audio clip of a single musical note. The recording may have been sped up or slowed down. Identify the PITCH of the note as it sounds in the audio. What is the main pitch frequency, expressed in Hertz? Reply with ONLY a number (the frequency in Hz). Nothing else. Output only the answer."
stretch_2x,stretch,2.0,58,A#3,synth_lead,instrument,58,83,0,0,0,0,A#3,,0,0,0,la#,sol#,0,0,0,83,F#,sol#,1,/home/hsnu2/PitchBench/data/analysis_audio/pitchbench_e4_time_stretching/As3_synth_lead_3000ms_stretch_2p00x.wav,As3_synth_lead_3000ms_stretch_2p00x.wav,Listen to this audio clip of a single musical note. The recording may have been sped up or slowed down. Identify the PITCH of the note as it sounds in the audio. What is the MIDI note number (an integer from 0 to 127)? Reply with ONLY the integer. Nothing else. Output only the answer.,"Listen to this audio clip of a single musical note. The recording may have been sped up or slowed down. Identify the PITCH of the note as it sounds in the audio. What is the note name and octave? Reply with ONLY the note name in Scientific Pitch Notation (e.g. C4, F#3, Bb5). Nothing else. Output only the answer.","Listen to this audio clip of a single musical note. The recording may have been sped up or slowed down. Identify the PITCH of the note as it sounds in the audio. What is the solfege syllable and accidental (if needed) of this pitch? Use fixed-do (do=C, re=D, mi=E, fa=F, sol=G, la=A, si=B). Include sharps or flats when needed (e.g. do#, reb, fa#, sib). Do NOT include the octave. Reply with ONLY the syllable and accidental (if needed). Nothing else. Output only the answer.","Listen to this audio clip of a single musical note. The recording may have been sped up or slowed down. Identify the PITCH of the note as it sounds in the audio. What is the main pitch frequency, expressed in Hertz? Reply with ONLY a number (the frequency in Hz). Nothing else. Output only the answer."
stretch_2x,stretch,2.0,60,C4,synth_lead,instrument,60,61,0,1,0,1,C4,F#4,0,0,1,do,,0,0,0,61,F#4,The audio is a,1046.5,/home/hsnu2/PitchBench/data/analysis_audio/pitchbench_e4_time_stretching/C4_synth_lead_3000ms_stretch_2p00x.wav,C4_synth_lead_3000ms_stretch_2p00x.wav,Listen to this audio clip of a single musical note. The recording may have been sped up or slowed down. Identify the PITCH of the note as it sounds in the audio. What is the MIDI note number (an integer from 0 to 127)? Reply with ONLY the integer. Nothing else. Output only the answer.,"Listen to this audio clip of a single musical note. The recording may have been sped up or slowed down. Identify the PITCH of the note as it sounds in the audio. What is the note name and octave? Reply with ONLY the note name in Scientific Pitch Notation (e.g. C4, F#3, Bb5). Nothing else. Output only the answer.","Listen to this audio clip of a single musical note. The recording may have been sped up or slowed down. Identify the PITCH of the note as it sounds in the audio. What is the solfege syllable and accidental (if needed) of this pitch? Use fixed-do (do=C, re=D, mi=E, fa=F, sol=G, la=A, si=B). Include sharps or flats when needed (e.g. do#, reb, fa#, sib). Do NOT include the octave. Reply with ONLY the syllable and accidental (if needed). Nothing else. Output only the answer.","Listen to this audio clip of a single musical note. The recording may have been sped up or slowed down. Identify the PITCH of the note as it sounds in the audio. What is the main pitch frequency, expressed in Hertz? Reply with ONLY a number (the frequency in Hz). Nothing else. Output only the answer."
stretch_2x,stretch,2.0,64,E4,synth_lead,instrument,64,96,0,0,0,0,E4,F#6,0,0,0,mi,sol#,0,0,0,96,F#6,sol#,1046,/home/hsnu2/PitchBench/data/analysis_audio/pitchbench_e4_time_stretching/E4_synth_lead_3000ms_stretch_2p00x.wav,E4_synth_lead_3000ms_stretch_2p00x.wav,Listen to this audio clip of a single musical note. The recording may have been sped up or slowed down. Identify the PITCH of the note as it sounds in the audio. What is the MIDI note number (an integer from 0 to 127)? Reply with ONLY the integer. Nothing else. Output only the answer.,"Listen to this audio clip of a single musical note. The recording may have been sped up or slowed down. Identify the PITCH of the note as it sounds in the audio. What is the note name and octave? Reply with ONLY the note name in Scientific Pitch Notation (e.g. C4, F#3, Bb5). Nothing else. Output only the answer.","Listen to this audio clip of a single musical note. The recording may have been sped up or slowed down. Identify the PITCH of the note as it sounds in the audio. What is the solfege syllable and accidental (if needed) of this pitch? Use fixed-do (do=C, re=D, mi=E, fa=F, sol=G, la=A, si=B). Include sharps or flats when needed (e.g. do#, reb, fa#, sib). Do NOT include the octave. Reply with ONLY the syllable and accidental (if needed). Nothing else. Output only the answer.","Listen to this audio clip of a single musical note. The recording may have been sped up or slowed down. Identify the PITCH of the note as it sounds in the audio. What is the main pitch frequency, expressed in Hertz? Reply with ONLY a number (the frequency in Hz). Nothing else. Output only the answer."
stretch_2x,stretch,2.0,67,G4,synth_lead,instrument,67,67,1,1,1,1,G4,F#5,0,0,0,sol,,0,0,1,67,F#5,:,10,/home/hsnu2/PitchBench/data/analysis_audio/pitchbench_e4_time_stretching/G4_synth_lead_3000ms_stretch_2p00x.wav,G4_synth_lead_3000ms_stretch_2p00x.wav,Listen to this audio clip of a single musical note. The recording may have been sped up or slowed down. Identify the PITCH of the note as it sounds in the audio. What is the MIDI note number (an integer from 0 to 127)? Reply with ONLY the integer. Nothing else. Output only the answer.,"Listen to this audio clip of a single musical note. The recording may have been sped up or slowed down. Identify the PITCH of the note as it sounds in the audio. What is the note name and octave? Reply with ONLY the note name in Scientific Pitch Notation (e.g. C4, F#3, Bb5). Nothing else. Output only the answer.","Listen to this audio clip of a single musical note. The recording may have been sped up or slowed down. Identify the PITCH of the note as it sounds in the audio. What is the solfege syllable and accidental (if needed) of this pitch? Use fixed-do (do=C, re=D, mi=E, fa=F, sol=G, la=A, si=B). Include sharps or flats when needed (e.g. do#, reb, fa#, sib). Do NOT include the octave. Reply with ONLY the syllable and accidental (if needed). Nothing else. Output only the answer.","Listen to this audio clip of a single musical note. The recording may have been sped up or slowed down. Identify the PITCH of the note as it sounds in the audio. What is the main pitch frequency, expressed in Hertz? Reply with ONLY a number (the frequency in Hz). Nothing else. Output only the answer."
stretch_2x,stretch,2.0,69,A4,synth_lead,instrument,69,103,0,0,0,0,A4,B6,0,0,0,la,sol#,0,0,0,103,B6,sol#,1046.5,/home/hsnu2/PitchBench/data/analysis_audio/pitchbench_e4_time_stretching/A4_synth_lead_3000ms_stretch_2p00x.wav,A4_synth_lead_3000ms_stretch_2p00x.wav,Listen to this audio clip of a single musical note. The recording may have been sped up or slowed down. Identify the PITCH of the note as it sounds in the audio. What is the MIDI note number (an integer from 0 to 127)? Reply with ONLY the integer. Nothing else. Output only the answer.,"Listen to this audio clip of a single musical note. The recording may have been sped up or slowed down. Identify the PITCH of the note as it sounds in the audio. What is the note name and octave? Reply with ONLY the note name in Scientific Pitch Notation (e.g. C4, F#3, Bb5). Nothing else. Output only the answer.","Listen to this audio clip of a single musical note. The recording may have been sped up or slowed down. Identify the PITCH of the note as it sounds in the audio. What is the solfege syllable and accidental (if needed) of this pitch? Use fixed-do (do=C, re=D, mi=E, fa=F, sol=G, la=A, si=B). Include sharps or flats when needed (e.g. do#, reb, fa#, sib). Do NOT include the octave. Reply with ONLY the syllable and accidental (if needed). Nothing else. Output only the answer.","Listen to this audio clip of a single musical note. The recording may have been sped up or slowed down. Identify the PITCH of the note as it sounds in the audio. What is the main pitch frequency, expressed in Hertz? Reply with ONLY a number (the frequency in Hz). Nothing else. Output only the answer."
stretch_2x,stretch,2.0,72,C5,synth_lead,instrument,72,,0,0,0,0,C5,C6,0,1,0,do,,0,0,0,"* Wait,",C6,The audio is a,1046.5,/home/hsnu2/PitchBench/data/analysis_audio/pitchbench_e4_time_stretching/C5_synth_lead_3000ms_stretch_2p00x.wav,C5_synth_lead_3000ms_stretch_2p00x.wav,Listen to this audio clip of a single musical note. The recording may have been sped up or slowed down. Identify the PITCH of the note as it sounds in the audio. What is the MIDI note number (an integer from 0 to 127)? Reply with ONLY the integer. Nothing else. Output only the answer.,"Listen to this audio clip of a single musical note. The recording may have been sped up or slowed down. Identify the PITCH of the note as it sounds in the audio. What is the note name and octave? Reply with ONLY the note name in Scientific Pitch Notation (e.g. C4, F#3, Bb5). Nothing else. Output only the answer.","Listen to this audio clip of a single musical note. The recording may have been sped up or slowed down. Identify the PITCH of the note as it sounds in the audio. What is the solfege syllable and accidental (if needed) of this pitch? Use fixed-do (do=C, re=D, mi=E, fa=F, sol=G, la=A, si=B). Include sharps or flats when needed (e.g. do#, reb, fa#, sib). Do NOT include the octave. Reply with ONLY the syllable and accidental (if needed). Nothing else. Output only the answer.","Listen to this audio clip of a single musical note. The recording may have been sped up or slowed down. Identify the PITCH of the note as it sounds in the audio. What is the main pitch frequency, expressed in Hertz? Reply with ONLY a number (the frequency in Hz). Nothing else. Output only the answer."
stretch_2x,stretch,2.0,77,F5,synth_lead,instrument,77,101,0,0,1,0,F5,F#6,0,0,0,fa,sol#,0,0,0,101,F#6,sol#,1108.,/home/hsnu2/PitchBench/data/analysis_audio/pitchbench_e4_time_stretching/F5_synth_lead_3000ms_stretch_2p00x.wav,F5_synth_lead_3000ms_stretch_2p00x.wav,Listen to this audio clip of a single musical note. The recording may have been sped up or slowed down. Identify the PITCH of the note as it sounds in the audio. What is the MIDI note number (an integer from 0 to 127)? Reply with ONLY the integer. Nothing else. Output only the answer.,"Listen to this audio clip of a single musical note. The recording may have been sped up or slowed down. Identify the PITCH of the note as it sounds in the audio. What is the note name and octave? Reply with ONLY the note name in Scientific Pitch Notation (e.g. C4, F#3, Bb5). Nothing else. Output only the answer.","Listen to this audio clip of a single musical note. The recording may have been sped up or slowed down. Identify the PITCH of the note as it sounds in the audio. What is the solfege syllable and accidental (if needed) of this pitch? Use fixed-do (do=C, re=D, mi=E, fa=F, sol=G, la=A, si=B). Include sharps or flats when needed (e.g. do#, reb, fa#, sib). Do NOT include the octave. Reply with ONLY the syllable and accidental (if needed). Nothing else. Output only the answer.","Listen to this audio clip of a single musical note. The recording may have been sped up or slowed down. Identify the PITCH of the note as it sounds in the audio. What is the main pitch frequency, expressed in Hertz? Reply with ONLY a number (the frequency in Hz). Nothing else. Output only the answer."
stretch_2x,stretch,2.0,84,C6,synth_lead,instrument,84,81,0,0,0,0,C6,A6,0,0,1,do,,0,0,0,81,A6,:,1567,/home/hsnu2/PitchBench/data/analysis_audio/pitchbench_e4_time_stretching/C6_synth_lead_3000ms_stretch_2p00x.wav,C6_synth_lead_3000ms_stretch_2p00x.wav,Listen to this audio clip of a single musical note. The recording may have been sped up or slowed down. Identify the PITCH of the note as it sounds in the audio. What is the MIDI note number (an integer from 0 to 127)? Reply with ONLY the integer. Nothing else. Output only the answer.,"Listen to this audio clip of a single musical note. The recording may have been sped up or slowed down. Identify the PITCH of the note as it sounds in the audio. What is the note name and octave? Reply with ONLY the note name in Scientific Pitch Notation (e.g. C4, F#3, Bb5). Nothing else. Output only the answer.","Listen to this audio clip of a single musical note. The recording may have been sped up or slowed down. Identify the PITCH of the note as it sounds in the audio. What is the solfege syllable and accidental (if needed) of this pitch? Use fixed-do (do=C, re=D, mi=E, fa=F, sol=G, la=A, si=B). Include sharps or flats when needed (e.g. do#, reb, fa#, sib). Do NOT include the octave. Reply with ONLY the syllable and accidental (if needed). Nothing else. Output only the answer.","Listen to this audio clip of a single musical note. The recording may have been sped up or slowed down. Identify the PITCH of the note as it sounds in the audio. What is the main pitch frequency, expressed in Hertz? Reply with ONLY a number (the frequency in Hz). Nothing else. Output only the answer."
resample_0.5x,resample,0.5,36,C2,cello,instrument,48,31,0,0,0,0,C3,F2,0,0,0,do,,0,0,0,31,F2,examples,65.41,/home/hsnu2/PitchBench/data/analysis_audio/pitchbench_e4_time_stretching/C2_cello_3000ms_resample_0p50x.wav,C2_cello_3000ms_resample_0p50x.wav,Listen to this audio clip of a single musical note. The recording may have been sped up or slowed down. Identify the PITCH of the note as it sounds in the audio. What is the MIDI note number (an integer from 0 to 127)? Reply with ONLY the integer. Nothing else. Output only the answer.,"Listen to this audio clip of a single musical note. The recording may have been sped up or slowed down. Identify the PITCH of the note as it sounds in the audio. What is the note name and octave? Reply with ONLY the note name in Scientific Pitch Notation (e.g. C4, F#3, Bb5). Nothing else. Output only the answer.","Listen to this audio clip of a single musical note. The recording may have been sped up or slowed down. Identify the PITCH of the note as it sounds in the audio. What is the solfege syllable and accidental (if needed) of this pitch? Use fixed-do (do=C, re=D, mi=E, fa=F, sol=G, la=A, si=B). Include sharps or flats when needed (e.g. do#, reb, fa#, sib). Do NOT include the octave. Reply with ONLY the syllable and accidental (if needed). Nothing else. Output only the answer.","Listen to this audio clip of a single musical note. The recording may have been sped up or slowed down. Identify the PITCH of the note as it sounds in the audio. What is the main pitch frequency, expressed in Hertz? Reply with ONLY a number (the frequency in Hz). Nothing else. Output only the answer."
resample_0.5x,resample,0.5,43,G2,cello,instrument,55,83,0,0,0,0,G3,D3,0,0,1,sol,sol#,0,0,0,83,D3,sol#,370.00,/home/hsnu2/PitchBench/data/analysis_audio/pitchbench_e4_time_stretching/G2_cello_3000ms_resample_0p50x.wav,G2_cello_3000ms_resample_0p50x.wav,Listen to this audio clip of a single musical note. The recording may have been sped up or slowed down. Identify the PITCH of the note as it sounds in the audio. What is the MIDI note number (an integer from 0 to 127)? Reply with ONLY the integer. Nothing else. Output only the answer.,"Listen to this audio clip of a single musical note. The recording may have been sped up or slowed down. Identify the PITCH of the note as it sounds in the audio. What is the note name and octave? Reply with ONLY the note name in Scientific Pitch Notation (e.g. C4, F#3, Bb5). Nothing else. Output only the answer.","Listen to this audio clip of a single musical note. The recording may have been sped up or slowed down. Identify the PITCH of the note as it sounds in the audio. What is the solfege syllable and accidental (if needed) of this pitch? Use fixed-do (do=C, re=D, mi=E, fa=F, sol=G, la=A, si=B). Include sharps or flats when needed (e.g. do#, reb, fa#, sib). Do NOT include the octave. Reply with ONLY the syllable and accidental (if needed). Nothing else. Output only the answer.","Listen to this audio clip of a single musical note. The recording may have been sped up or slowed down. Identify the PITCH of the note as it sounds in the audio. What is the main pitch frequency, expressed in Hertz? Reply with ONLY a number (the frequency in Hz). Nothing else. Output only the answer."
resample_0.5x,resample,0.5,48,C3,cello,instrument,60,65,0,0,0,1,C4,F4,0,0,1,do,sol#,0,0,0,65,F4,sol#,523.,/home/hsnu2/PitchBench/data/analysis_audio/pitchbench_e4_time_stretching/C3_cello_3000ms_resample_0p50x.wav,C3_cello_3000ms_resample_0p50x.wav,Listen to this audio clip of a single musical note. The recording may have been sped up or slowed down. Identify the PITCH of the note as it sounds in the audio. What is the MIDI note number (an integer from 0 to 127)? Reply with ONLY the integer. Nothing else. Output only the answer.,"Listen to this audio clip of a single musical note. The recording may have been sped up or slowed down. Identify the PITCH of the note as it sounds in the audio. What is the note name and octave? Reply with ONLY the note name in Scientific Pitch Notation (e.g. C4, F#3, Bb5). Nothing else. Output only the answer.","Listen to this audio clip of a single musical note. The recording may have been sped up or slowed down. Identify the PITCH of the note as it sounds in the audio. What is the solfege syllable and accidental (if needed) of this pitch? Use fixed-do (do=C, re=D, mi=E, fa=F, sol=G, la=A, si=B). Include sharps or flats when needed (e.g. do#, reb, fa#, sib). Do NOT include the octave. Reply with ONLY the syllable and accidental (if needed). Nothing else. Output only the answer.","Listen to this audio clip of a single musical note. The recording may have been sped up or slowed down. Identify the PITCH of the note as it sounds in the audio. What is the main pitch frequency, expressed in Hertz? Reply with ONLY a number (the frequency in Hz). Nothing else. Output only the answer."
resample_0.5x,resample,0.5,54,F#3,cello,instrument,66,,0,0,0,0,F#4,F#4,1,1,1,fa#,fa#,1,1,1,* Wait,F#4,fa#,370,/home/hsnu2/PitchBench/data/analysis_audio/pitchbench_e4_time_stretching/Fs3_cello_3000ms_resample_0p50x.wav,Fs3_cello_3000ms_resample_0p50x.wav,Listen to this audio clip of a single musical note. The recording may have been sped up or slowed down. Identify the PITCH of the note as it sounds in the audio. What is the MIDI note number (an integer from 0 to 127)? Reply with ONLY the integer. Nothing else. Output only the answer.,"Listen to this audio clip of a single musical note. The recording may have been sped up or slowed down. Identify the PITCH of the note as it sounds in the audio. What is the note name and octave? Reply with ONLY the note name in Scientific Pitch Notation (e.g. C4, F#3, Bb5). Nothing else. Output only the answer.","Listen to this audio clip of a single musical note. The recording may have been sped up or slowed down. Identify the PITCH of the note as it sounds in the audio. What is the solfege syllable and accidental (if needed) of this pitch? Use fixed-do (do=C, re=D, mi=E, fa=F, sol=G, la=A, si=B). Include sharps or flats when needed (e.g. do#, reb, fa#, sib). Do NOT include the octave. Reply with ONLY the syllable and accidental (if needed). Nothing else. Output only the answer.","Listen to this audio clip of a single musical note. The recording may have been sped up or slowed down. Identify the PITCH of the note as it sounds in the audio. What is the main pitch frequency, expressed in Hertz? Reply with ONLY a number (the frequency in Hz). Nothing else. Output only the answer."
resample_0.5x,resample,0.5,58,A#3,cello,instrument,70,85,0,0,0,0,A#4,F#4,0,0,1,la#,sol#,0,0,0,85,F#4,sol#,1,/home/hsnu2/PitchBench/data/analysis_audio/pitchbench_e4_time_stretching/As3_cello_3000ms_resample_0p50x.wav,As3_cello_3000ms_resample_0p50x.wav,Listen to this audio clip of a single musical note. The recording may have been sped up or slowed down. Identify the PITCH of the note as it sounds in the audio. What is the MIDI note number (an integer from 0 to 127)? Reply with ONLY the integer. Nothing else. Output only the answer.,"Listen to this audio clip of a single musical note. The recording may have been sped up or slowed down. Identify the PITCH of the note as it sounds in the audio. What is the note name and octave? Reply with ONLY the note name in Scientific Pitch Notation (e.g. C4, F#3, Bb5). Nothing else. Output only the answer.","Listen to this audio clip of a single musical note. The recording may have been sped up or slowed down. Identify the PITCH of the note as it sounds in the audio. What is the solfege syllable and accidental (if needed) of this pitch? Use fixed-do (do=C, re=D, mi=E, fa=F, sol=G, la=A, si=B). Include sharps or flats when needed (e.g. do#, reb, fa#, sib). Do NOT include the octave. Reply with ONLY the syllable and accidental (if needed). Nothing else. Output only the answer.","Listen to this audio clip of a single musical note. The recording may have been sped up or slowed down. Identify the PITCH of the note as it sounds in the audio. What is the main pitch frequency, expressed in Hertz? Reply with ONLY a number (the frequency in Hz). Nothing else. Output only the answer."
resample_0.5x,resample,0.5,60,C4,cello,instrument,72,84,0,0,1,0,C5,C6,0,1,0,do,sol#,0,0,0,84,C6,sol#,1046.5,/home/hsnu2/PitchBench/data/analysis_audio/pitchbench_e4_time_stretching/C4_cello_3000ms_resample_0p50x.wav,C4_cello_3000ms_resample_0p50x.wav,Listen to this audio clip of a single musical note. The recording may have been sped up or slowed down. Identify the PITCH of the note as it sounds in the audio. What is the MIDI note number (an integer from 0 to 127)? Reply with ONLY the integer. Nothing else. Output only the answer.,"Listen to this audio clip of a single musical note. The recording may have been sped up or slowed down. Identify the PITCH of the note as it sounds in the audio. What is the note name and octave? Reply with ONLY the note name in Scientific Pitch Notation (e.g. C4, F#3, Bb5). Nothing else. Output only the answer.","Listen to this audio clip of a single musical note. The recording may have been sped up or slowed down. Identify the PITCH of the note as it sounds in the audio. What is the solfege syllable and accidental (if needed) of this pitch? Use fixed-do (do=C, re=D, mi=E, fa=F, sol=G, la=A, si=B). Include sharps or flats when needed (e.g. do#, reb, fa#, sib). Do NOT include the octave. Reply with ONLY the syllable and accidental (if needed). Nothing else. Output only the answer.","Listen to this audio clip of a single musical note. The recording may have been sped up or slowed down. Identify the PITCH of the note as it sounds in the audio. What is the main pitch frequency, expressed in Hertz? Reply with ONLY a number (the frequency in Hz). Nothing else. Output only the answer."
resample_0.5x,resample,0.5,64,E4,cello,instrument,76,76,1,1,1,1,E5,F#6,0,0,0,mi,sol#,0,0,1,76,F#6,sol#,1046,/home/hsnu2/PitchBench/data/analysis_audio/pitchbench_e4_time_stretching/E4_cello_3000ms_resample_0p50x.wav,E4_cello_3000ms_resample_0p50x.wav,Listen to this audio clip of a single musical note. The recording may have been sped up or slowed down. Identify the PITCH of the note as it sounds in the audio. What is the MIDI note number (an integer from 0 to 127)? Reply with ONLY the integer. Nothing else. Output only the answer.,"Listen to this audio clip of a single musical note. The recording may have been sped up or slowed down. Identify the PITCH of the note as it sounds in the audio. What is the note name and octave? Reply with ONLY the note name in Scientific Pitch Notation (e.g. C4, F#3, Bb5). Nothing else. Output only the answer.","Listen to this audio clip of a single musical note. The recording may have been sped up or slowed down. Identify the PITCH of the note as it sounds in the audio. What is the solfege syllable and accidental (if needed) of this pitch? Use fixed-do (do=C, re=D, mi=E, fa=F, sol=G, la=A, si=B). Include sharps or flats when needed (e.g. do#, reb, fa#, sib). Do NOT include the octave. Reply with ONLY the syllable and accidental (if needed). Nothing else. Output only the answer.","Listen to this audio clip of a single musical note. The recording may have been sped up or slowed down. Identify the PITCH of the note as it sounds in the audio. What is the main pitch frequency, expressed in Hertz? Reply with ONLY a number (the frequency in Hz). Nothing else. Output only the answer."
resample_0.5x,resample,0.5,67,G4,cello,instrument,79,79,1,1,1,1,G5,G6,0,1,0,sol,sol#,0,0,1,79 is G,G6,sol#,1046.,/home/hsnu2/PitchBench/data/analysis_audio/pitchbench_e4_time_stretching/G4_cello_3000ms_resample_0p50x.wav,G4_cello_3000ms_resample_0p50x.wav,Listen to this audio clip of a single musical note. The recording may have been sped up or slowed down. Identify the PITCH of the note as it sounds in the audio. What is the MIDI note number (an integer from 0 to 127)? Reply with ONLY the integer. Nothing else. Output only the answer.,"Listen to this audio clip of a single musical note. The recording may have been sped up or slowed down. Identify the PITCH of the note as it sounds in the audio. What is the note name and octave? Reply with ONLY the note name in Scientific Pitch Notation (e.g. C4, F#3, Bb5). Nothing else. Output only the answer.","Listen to this audio clip of a single musical note. The recording may have been sped up or slowed down. Identify the PITCH of the note as it sounds in the audio. What is the solfege syllable and accidental (if needed) of this pitch? Use fixed-do (do=C, re=D, mi=E, fa=F, sol=G, la=A, si=B). Include sharps or flats when needed (e.g. do#, reb, fa#, sib). Do NOT include the octave. Reply with ONLY the syllable and accidental (if needed). Nothing else. Output only the answer.","Listen to this audio clip of a single musical note. The recording may have been sped up or slowed down. Identify the PITCH of the note as it sounds in the audio. What is the main pitch frequency, expressed in Hertz? Reply with ONLY a number (the frequency in Hz). Nothing else. Output only the answer."
resample_0.5x,resample,0.5,69,A4,cello,instrument,81,,0,0,0,0,A5,F#6,0,0,0,la,sol#,0,0,0,* I don't,F#6,sol#,2,/home/hsnu2/PitchBench/data/analysis_audio/pitchbench_e4_time_stretching/A4_cello_3000ms_resample_0p50x.wav,A4_cello_3000ms_resample_0p50x.wav,Listen to this audio clip of a single musical note. The recording may have been sped up or slowed down. Identify the PITCH of the note as it sounds in the audio. What is the MIDI note number (an integer from 0 to 127)? Reply with ONLY the integer. Nothing else. Output only the answer.,"Listen to this audio clip of a single musical note. The recording may have been sped up or slowed down. Identify the PITCH of the note as it sounds in the audio. What is the note name and octave? Reply with ONLY the note name in Scientific Pitch Notation (e.g. C4, F#3, Bb5). Nothing else. Output only the answer.","Listen to this audio clip of a single musical note. The recording may have been sped up or slowed down. Identify the PITCH of the note as it sounds in the audio. What is the solfege syllable and accidental (if needed) of this pitch? Use fixed-do (do=C, re=D, mi=E, fa=F, sol=G, la=A, si=B). Include sharps or flats when needed (e.g. do#, reb, fa#, sib). Do NOT include the octave. Reply with ONLY the syllable and accidental (if needed). Nothing else. Output only the answer.","Listen to this audio clip of a single musical note. The recording may have been sped up or slowed down. Identify the PITCH of the note as it sounds in the audio. What is the main pitch frequency, expressed in Hertz? Reply with ONLY a number (the frequency in Hz). Nothing else. Output only the answer."
resample_0.5x,resample,0.5,72,C5,cello,instrument,84,96,0,0,1,0,C6,F6,0,0,1,do,sol#,0,0,0,96,F6,sol#,110,/home/hsnu2/PitchBench/data/analysis_audio/pitchbench_e4_time_stretching/C5_cello_3000ms_resample_0p50x.wav,C5_cello_3000ms_resample_0p50x.wav,Listen to this audio clip of a single musical note. The recording may have been sped up or slowed down. Identify the PITCH of the note as it sounds in the audio. What is the MIDI note number (an integer from 0 to 127)? Reply with ONLY the integer. Nothing else. Output only the answer.,"Listen to this audio clip of a single musical note. The recording may have been sped up or slowed down. Identify the PITCH of the note as it sounds in the audio. What is the note name and octave? Reply with ONLY the note name in Scientific Pitch Notation (e.g. C4, F#3, Bb5). Nothing else. Output only the answer.","Listen to this audio clip of a single musical note. The recording may have been sped up or slowed down. Identify the PITCH of the note as it sounds in the audio. What is the solfege syllable and accidental (if needed) of this pitch? Use fixed-do (do=C, re=D, mi=E, fa=F, sol=G, la=A, si=B). Include sharps or flats when needed (e.g. do#, reb, fa#, sib). Do NOT include the octave. Reply with ONLY the syllable and accidental (if needed). Nothing else. Output only the answer.","Listen to this audio clip of a single musical note. The recording may have been sped up or slowed down. Identify the PITCH of the note as it sounds in the audio. What is the main pitch frequency, expressed in Hertz? Reply with ONLY a number (the frequency in Hz). Nothing else. Output only the answer."
resample_0.5x,resample,0.5,77,F5,cello,instrument,89,,0,0,0,0,F6,C7,0,0,0,fa,fa#,0,0,0,* I don,C7,fa#,10,/home/hsnu2/PitchBench/data/analysis_audio/pitchbench_e4_time_stretching/F5_cello_3000ms_resample_0p50x.wav,F5_cello_3000ms_resample_0p50x.wav,Listen to this audio clip of a single musical note. The recording may have been sped up or slowed down. Identify the PITCH of the note as it sounds in the audio. What is the MIDI note number (an integer from 0 to 127)? Reply with ONLY the integer. Nothing else. Output only the answer.,"Listen to this audio clip of a single musical note. The recording may have been sped up or slowed down. Identify the PITCH of the note as it sounds in the audio. What is the note name and octave? Reply with ONLY the note name in Scientific Pitch Notation (e.g. C4, F#3, Bb5). Nothing else. Output only the answer.","Listen to this audio clip of a single musical note. The recording may have been sped up or slowed down. Identify the PITCH of the note as it sounds in the audio. What is the solfege syllable and accidental (if needed) of this pitch? Use fixed-do (do=C, re=D, mi=E, fa=F, sol=G, la=A, si=B). Include sharps or flats when needed (e.g. do#, reb, fa#, sib). Do NOT include the octave. Reply with ONLY the syllable and accidental (if needed). Nothing else. Output only the answer.","Listen to this audio clip of a single musical note. The recording may have been sped up or slowed down. Identify the PITCH of the note as it sounds in the audio. What is the main pitch frequency, expressed in Hertz? Reply with ONLY a number (the frequency in Hz). Nothing else. Output only the answer."
resample_0.5x,resample,0.5,84,C6,cello,instrument,96,103,0,0,0,1,C7,C7,1,1,1,do,sol#,0,0,1,103,C7,sol#,17,/home/hsnu2/PitchBench/data/analysis_audio/pitchbench_e4_time_stretching/C6_cello_3000ms_resample_0p50x.wav,C6_cello_3000ms_resample_0p50x.wav,Listen to this audio clip of a single musical note. The recording may have been sped up or slowed down. Identify the PITCH of the note as it sounds in the audio. What is the MIDI note number (an integer from 0 to 127)? Reply with ONLY the integer. Nothing else. Output only the answer.,"Listen to this audio clip of a single musical note. The recording may have been sped up or slowed down. Identify the PITCH of the note as it sounds in the audio. What is the note name and octave? Reply with ONLY the note name in Scientific Pitch Notation (e.g. C4, F#3, Bb5). Nothing else. Output only the answer.","Listen to this audio clip of a single musical note. The recording may have been sped up or slowed down. Identify the PITCH of the note as it sounds in the audio. What is the solfege syllable and accidental (if needed) of this pitch? Use fixed-do (do=C, re=D, mi=E, fa=F, sol=G, la=A, si=B). Include sharps or flats when needed (e.g. do#, reb, fa#, sib). Do NOT include the octave. Reply with ONLY the syllable and accidental (if needed). Nothing else. Output only the answer.","Listen to this audio clip of a single musical note. The recording may have been sped up or slowed down. Identify the PITCH of the note as it sounds in the audio. What is the main pitch frequency, expressed in Hertz? Reply with ONLY a number (the frequency in Hz). Nothing else. Output only the answer."
resample_2x,resample,2.0,36,C2,cello,instrument,24,36,0,0,1,0,C1,C2,0,1,0,do,sol#,0,0,0,36,C2,sol#,41.20,/home/hsnu2/PitchBench/data/analysis_audio/pitchbench_e4_time_stretching/C2_cello_3000ms_resample_2p00x.wav,C2_cello_3000ms_resample_2p00x.wav,Listen to this audio clip of a single musical note. The recording may have been sped up or slowed down. Identify the PITCH of the note as it sounds in the audio. What is the MIDI note number (an integer from 0 to 127)? Reply with ONLY the integer. Nothing else. Output only the answer.,"Listen to this audio clip of a single musical note. The recording may have been sped up or slowed down. Identify the PITCH of the note as it sounds in the audio. What is the note name and octave? Reply with ONLY the note name in Scientific Pitch Notation (e.g. C4, F#3, Bb5). Nothing else. Output only the answer.","Listen to this audio clip of a single musical note. The recording may have been sped up or slowed down. Identify the PITCH of the note as it sounds in the audio. What is the solfege syllable and accidental (if needed) of this pitch? Use fixed-do (do=C, re=D, mi=E, fa=F, sol=G, la=A, si=B). Include sharps or flats when needed (e.g. do#, reb, fa#, sib). Do NOT include the octave. Reply with ONLY the syllable and accidental (if needed). Nothing else. Output only the answer.","Listen to this audio clip of a single musical note. The recording may have been sped up or slowed down. Identify the PITCH of the note as it sounds in the audio. What is the main pitch frequency, expressed in Hertz? Reply with ONLY a number (the frequency in Hz). Nothing else. Output only the answer."
resample_2x,resample,2.0,43,G2,cello,instrument,31,31,1,1,1,1,G1,G1,1,1,1,sol,sol#,0,0,1,31,G1,sol#,103.83,/home/hsnu2/PitchBench/data/analysis_audio/pitchbench_e4_time_stretching/G2_cello_3000ms_resample_2p00x.wav,G2_cello_3000ms_resample_2p00x.wav,Listen to this audio clip of a single musical note. The recording may have been sped up or slowed down. Identify the PITCH of the note as it sounds in the audio. What is the MIDI note number (an integer from 0 to 127)? Reply with ONLY the integer. Nothing else. Output only the answer.,"Listen to this audio clip of a single musical note. The recording may have been sped up or slowed down. Identify the PITCH of the note as it sounds in the audio. What is the note name and octave? Reply with ONLY the note name in Scientific Pitch Notation (e.g. C4, F#3, Bb5). Nothing else. Output only the answer.","Listen to this audio clip of a single musical note. The recording may have been sped up or slowed down. Identify the PITCH of the note as it sounds in the audio. What is the solfege syllable and accidental (if needed) of this pitch? Use fixed-do (do=C, re=D, mi=E, fa=F, sol=G, la=A, si=B). Include sharps or flats when needed (e.g. do#, reb, fa#, sib). Do NOT include the octave. Reply with ONLY the syllable and accidental (if needed). Nothing else. Output only the answer.","Listen to this audio clip of a single musical note. The recording may have been sped up or slowed down. Identify the PITCH of the note as it sounds in the audio. What is the main pitch frequency, expressed in Hertz? Reply with ONLY a number (the frequency in Hz). Nothing else. Output only the answer."
resample_2x,resample,2.0,48,C3,cello,instrument,36,,0,0,0,0,C2,F2,0,0,1,do,sol#,0,0,0,simulation:* Since I,F2,sol#,139.0,/home/hsnu2/PitchBench/data/analysis_audio/pitchbench_e4_time_stretching/C3_cello_3000ms_resample_2p00x.wav,C3_cello_3000ms_resample_2p00x.wav,Listen to this audio clip of a single musical note. The recording may have been sped up or slowed down. Identify the PITCH of the note as it sounds in the audio. What is the MIDI note number (an integer from 0 to 127)? Reply with ONLY the integer. Nothing else. Output only the answer.,"Listen to this audio clip of a single musical note. The recording may have been sped up or slowed down. Identify the PITCH of the note as it sounds in the audio. What is the note name and octave? Reply with ONLY the note name in Scientific Pitch Notation (e.g. C4, F#3, Bb5). Nothing else. Output only the answer.","Listen to this audio clip of a single musical note. The recording may have been sped up or slowed down. Identify the PITCH of the note as it sounds in the audio. What is the solfege syllable and accidental (if needed) of this pitch? Use fixed-do (do=C, re=D, mi=E, fa=F, sol=G, la=A, si=B). Include sharps or flats when needed (e.g. do#, reb, fa#, sib). Do NOT include the octave. Reply with ONLY the syllable and accidental (if needed). Nothing else. Output only the answer.","Listen to this audio clip of a single musical note. The recording may have been sped up or slowed down. Identify the PITCH of the note as it sounds in the audio. What is the main pitch frequency, expressed in Hertz? Reply with ONLY a number (the frequency in Hz). Nothing else. Output only the answer."
resample_2x,resample,2.0,54,F#3,cello,instrument,42,2,0,0,0,0,F#2,F2,0,0,1,fa#,sol#,0,0,0,2,F2,sol#,55,/home/hsnu2/PitchBench/data/analysis_audio/pitchbench_e4_time_stretching/Fs3_cello_3000ms_resample_2p00x.wav,Fs3_cello_3000ms_resample_2p00x.wav,Listen to this audio clip of a single musical note. The recording may have been sped up or slowed down. Identify the PITCH of the note as it sounds in the audio. What is the MIDI note number (an integer from 0 to 127)? Reply with ONLY the integer. Nothing else. Output only the answer.,"Listen to this audio clip of a single musical note. The recording may have been sped up or slowed down. Identify the PITCH of the note as it sounds in the audio. What is the note name and octave? Reply with ONLY the note name in Scientific Pitch Notation (e.g. C4, F#3, Bb5). Nothing else. Output only the answer.","Listen to this audio clip of a single musical note. The recording may have been sped up or slowed down. Identify the PITCH of the note as it sounds in the audio. What is the solfege syllable and accidental (if needed) of this pitch? Use fixed-do (do=C, re=D, mi=E, fa=F, sol=G, la=A, si=B). Include sharps or flats when needed (e.g. do#, reb, fa#, sib). Do NOT include the octave. Reply with ONLY the syllable and accidental (if needed). Nothing else. Output only the answer.","Listen to this audio clip of a single musical note. The recording may have been sped up or slowed down. Identify the PITCH of the note as it sounds in the audio. What is the main pitch frequency, expressed in Hertz? Reply with ONLY a number (the frequency in Hz). Nothing else. Output only the answer."
resample_2x,resample,2.0,58,A#3,cello,instrument,46,41,0,0,0,1,A#2,F2,0,0,1,la#,fa#,0,0,0,41,F2,fa#,65.,/home/hsnu2/PitchBench/data/analysis_audio/pitchbench_e4_time_stretching/As3_cello_3000ms_resample_2p00x.wav,As3_cello_3000ms_resample_2p00x.wav,Listen to this audio clip of a single musical note. The recording may have been sped up or slowed down. Identify the PITCH of the note as it sounds in the audio. What is the MIDI note number (an integer from 0 to 127)? Reply with ONLY the integer. Nothing else. Output only the answer.,"Listen to this audio clip of a single musical note. The recording may have been sped up or slowed down. Identify the PITCH of the note as it sounds in the audio. What is the note name and octave? Reply with ONLY the note name in Scientific Pitch Notation (e.g. C4, F#3, Bb5). Nothing else. Output only the answer.","Listen to this audio clip of a single musical note. The recording may have been sped up or slowed down. Identify the PITCH of the note as it sounds in the audio. What is the solfege syllable and accidental (if needed) of this pitch? Use fixed-do (do=C, re=D, mi=E, fa=F, sol=G, la=A, si=B). Include sharps or flats when needed (e.g. do#, reb, fa#, sib). Do NOT include the octave. Reply with ONLY the syllable and accidental (if needed). Nothing else. Output only the answer.","Listen to this audio clip of a single musical note. The recording may have been sped up or slowed down. Identify the PITCH of the note as it sounds in the audio. What is the main pitch frequency, expressed in Hertz? Reply with ONLY a number (the frequency in Hz). Nothing else. Output only the answer."
resample_2x,resample,2.0,60,C4,cello,instrument,48,29,0,0,0,0,C3,F2,0,0,0,do,sol#,0,0,0,29,F2,sol#,65.4,/home/hsnu2/PitchBench/data/analysis_audio/pitchbench_e4_time_stretching/C4_cello_3000ms_resample_2p00x.wav,C4_cello_3000ms_resample_2p00x.wav,Listen to this audio clip of a single musical note. The recording may have been sped up or slowed down. Identify the PITCH of the note as it sounds in the audio. What is the MIDI note number (an integer from 0 to 127)? Reply with ONLY the integer. Nothing else. Output only the answer.,"Listen to this audio clip of a single musical note. The recording may have been sped up or slowed down. Identify the PITCH of the note as it sounds in the audio. What is the note name and octave? Reply with ONLY the note name in Scientific Pitch Notation (e.g. C4, F#3, Bb5). Nothing else. Output only the answer.","Listen to this audio clip of a single musical note. The recording may have been sped up or slowed down. Identify the PITCH of the note as it sounds in the audio. What is the solfege syllable and accidental (if needed) of this pitch? Use fixed-do (do=C, re=D, mi=E, fa=F, sol=G, la=A, si=B). Include sharps or flats when needed (e.g. do#, reb, fa#, sib). Do NOT include the octave. Reply with ONLY the syllable and accidental (if needed). Nothing else. Output only the answer.","Listen to this audio clip of a single musical note. The recording may have been sped up or slowed down. Identify the PITCH of the note as it sounds in the audio. What is the main pitch frequency, expressed in Hertz? Reply with ONLY a number (the frequency in Hz). Nothing else. Output only the answer."
resample_2x,resample,2.0,64,E4,cello,instrument,52,41,0,0,0,0,E3,F#4,0,0,0,mi,,0,0,0,41,F#4,I cannot directly listen to,130,/home/hsnu2/PitchBench/data/analysis_audio/pitchbench_e4_time_stretching/E4_cello_3000ms_resample_2p00x.wav,E4_cello_3000ms_resample_2p00x.wav,Listen to this audio clip of a single musical note. The recording may have been sped up or slowed down. Identify the PITCH of the note as it sounds in the audio. What is the MIDI note number (an integer from 0 to 127)? Reply with ONLY the integer. Nothing else. Output only the answer.,"Listen to this audio clip of a single musical note. The recording may have been sped up or slowed down. Identify the PITCH of the note as it sounds in the audio. What is the note name and octave? Reply with ONLY the note name in Scientific Pitch Notation (e.g. C4, F#3, Bb5). Nothing else. Output only the answer.","Listen to this audio clip of a single musical note. The recording may have been sped up or slowed down. Identify the PITCH of the note as it sounds in the audio. What is the solfege syllable and accidental (if needed) of this pitch? Use fixed-do (do=C, re=D, mi=E, fa=F, sol=G, la=A, si=B). Include sharps or flats when needed (e.g. do#, reb, fa#, sib). Do NOT include the octave. Reply with ONLY the syllable and accidental (if needed). Nothing else. Output only the answer.","Listen to this audio clip of a single musical note. The recording may have been sped up or slowed down. Identify the PITCH of the note as it sounds in the audio. What is the main pitch frequency, expressed in Hertz? Reply with ONLY a number (the frequency in Hz). Nothing else. Output only the answer."
resample_2x,resample,2.0,67,G4,cello,instrument,55,38,0,0,0,0,G3,F2,0,0,0,sol,sol#,0,0,0,38,F2,sol#,103.,/home/hsnu2/PitchBench/data/analysis_audio/pitchbench_e4_time_stretching/G4_cello_3000ms_resample_2p00x.wav,G4_cello_3000ms_resample_2p00x.wav,Listen to this audio clip of a single musical note. The recording may have been sped up or slowed down. Identify the PITCH of the note as it sounds in the audio. What is the MIDI note number (an integer from 0 to 127)? Reply with ONLY the integer. Nothing else. Output only the answer.,"Listen to this audio clip of a single musical note. The recording may have been sped up or slowed down. Identify the PITCH of the note as it sounds in the audio. What is the note name and octave? Reply with ONLY the note name in Scientific Pitch Notation (e.g. C4, F#3, Bb5). Nothing else. Output only the answer.","Listen to this audio clip of a single musical note. The recording may have been sped up or slowed down. Identify the PITCH of the note as it sounds in the audio. What is the solfege syllable and accidental (if needed) of this pitch? Use fixed-do (do=C, re=D, mi=E, fa=F, sol=G, la=A, si=B). Include sharps or flats when needed (e.g. do#, reb, fa#, sib). Do NOT include the octave. Reply with ONLY the syllable and accidental (if needed). Nothing else. Output only the answer.","Listen to this audio clip of a single musical note. The recording may have been sped up or slowed down. Identify the PITCH of the note as it sounds in the audio. What is the main pitch frequency, expressed in Hertz? Reply with ONLY a number (the frequency in Hz). Nothing else. Output only the answer."
resample_2x,resample,2.0,69,A4,cello,instrument,57,65,0,0,0,0,A3,F#5,0,0,0,la,fa#,0,0,0,65,F#5,fa#,311.1,/home/hsnu2/PitchBench/data/analysis_audio/pitchbench_e4_time_stretching/A4_cello_3000ms_resample_2p00x.wav,A4_cello_3000ms_resample_2p00x.wav,Listen to this audio clip of a single musical note. The recording may have been sped up or slowed down. Identify the PITCH of the note as it sounds in the audio. What is the MIDI note number (an integer from 0 to 127)? Reply with ONLY the integer. Nothing else. Output only the answer.,"Listen to this audio clip of a single musical note. The recording may have been sped up or slowed down. Identify the PITCH of the note as it sounds in the audio. What is the note name and octave? Reply with ONLY the note name in Scientific Pitch Notation (e.g. C4, F#3, Bb5). Nothing else. Output only the answer.","Listen to this audio clip of a single musical note. The recording may have been sped up or slowed down. Identify the PITCH of the note as it sounds in the audio. What is the solfege syllable and accidental (if needed) of this pitch? Use fixed-do (do=C, re=D, mi=E, fa=F, sol=G, la=A, si=B). Include sharps or flats when needed (e.g. do#, reb, fa#, sib). Do NOT include the octave. Reply with ONLY the syllable and accidental (if needed). Nothing else. Output only the answer.","Listen to this audio clip of a single musical note. The recording may have been sped up or slowed down. Identify the PITCH of the note as it sounds in the audio. What is the main pitch frequency, expressed in Hertz? Reply with ONLY a number (the frequency in Hz). Nothing else. Output only the answer."
resample_2x,resample,2.0,72,C5,cello,instrument,60,76,0,0,0,0,C4,C6,0,1,0,do,fa#,0,0,0,76,C6,fa#,1,/home/hsnu2/PitchBench/data/analysis_audio/pitchbench_e4_time_stretching/C5_cello_3000ms_resample_2p00x.wav,C5_cello_3000ms_resample_2p00x.wav,Listen to this audio clip of a single musical note. The recording may have been sped up or slowed down. Identify the PITCH of the note as it sounds in the audio. What is the MIDI note number (an integer from 0 to 127)? Reply with ONLY the integer. Nothing else. Output only the answer.,"Listen to this audio clip of a single musical note. The recording may have been sped up or slowed down. Identify the PITCH of the note as it sounds in the audio. What is the note name and octave? Reply with ONLY the note name in Scientific Pitch Notation (e.g. C4, F#3, Bb5). Nothing else. Output only the answer.","Listen to this audio clip of a single musical note. The recording may have been sped up or slowed down. Identify the PITCH of the note as it sounds in the audio. What is the solfege syllable and accidental (if needed) of this pitch? Use fixed-do (do=C, re=D, mi=E, fa=F, sol=G, la=A, si=B). Include sharps or flats when needed (e.g. do#, reb, fa#, sib). Do NOT include the octave. Reply with ONLY the syllable and accidental (if needed). Nothing else. Output only the answer.","Listen to this audio clip of a single musical note. The recording may have been sped up or slowed down. Identify the PITCH of the note as it sounds in the audio. What is the main pitch frequency, expressed in Hertz? Reply with ONLY a number (the frequency in Hz). Nothing else. Output only the answer."
resample_2x,resample,2.0,77,F5,cello,instrument,65,89,0,0,1,0,F4,F#5,0,0,0,fa,fa#,0,0,0,89,F#5,fa#,1046.5,/home/hsnu2/PitchBench/data/analysis_audio/pitchbench_e4_time_stretching/F5_cello_3000ms_resample_2p00x.wav,F5_cello_3000ms_resample_2p00x.wav,Listen to this audio clip of a single musical note. The recording may have been sped up or slowed down. Identify the PITCH of the note as it sounds in the audio. What is the MIDI note number (an integer from 0 to 127)? Reply with ONLY the integer. Nothing else. Output only the answer.,"Listen to this audio clip of a single musical note. The recording may have been sped up or slowed down. Identify the PITCH of the note as it sounds in the audio. What is the note name and octave? Reply with ONLY the note name in Scientific Pitch Notation (e.g. C4, F#3, Bb5). Nothing else. Output only the answer.","Listen to this audio clip of a single musical note. The recording may have been sped up or slowed down. Identify the PITCH of the note as it sounds in the audio. What is the solfege syllable and accidental (if needed) of this pitch? Use fixed-do (do=C, re=D, mi=E, fa=F, sol=G, la=A, si=B). Include sharps or flats when needed (e.g. do#, reb, fa#, sib). Do NOT include the octave. Reply with ONLY the syllable and accidental (if needed). Nothing else. Output only the answer.","Listen to this audio clip of a single musical note. The recording may have been sped up or slowed down. Identify the PITCH of the note as it sounds in the audio. What is the main pitch frequency, expressed in Hertz? Reply with ONLY a number (the frequency in Hz). Nothing else. Output only the answer."
resample_2x,resample,2.0,84,C6,cello,instrument,72,101,0,0,0,0,C5,F#6,0,0,0,do,,0,0,0,101,F#6,Listen to the audio,10,/home/hsnu2/PitchBench/data/analysis_audio/pitchbench_e4_time_stretching/C6_cello_3000ms_resample_2p00x.wav,C6_cello_3000ms_resample_2p00x.wav,Listen to this audio clip of a single musical note. The recording may have been sped up or slowed down. Identify the PITCH of the note as it sounds in the audio. What is the MIDI note number (an integer from 0 to 127)? Reply with ONLY the integer. Nothing else. Output only the answer.,"Listen to this audio clip of a single musical note. The recording may have been sped up or slowed down. Identify the PITCH of the note as it sounds in the audio. What is the note name and octave? Reply with ONLY the note name in Scientific Pitch Notation (e.g. C4, F#3, Bb5). Nothing else. Output only the answer.","Listen to this audio clip of a single musical note. The recording may have been sped up or slowed down. Identify the PITCH of the note as it sounds in the audio. What is the solfege syllable and accidental (if needed) of this pitch? Use fixed-do (do=C, re=D, mi=E, fa=F, sol=G, la=A, si=B). Include sharps or flats when needed (e.g. do#, reb, fa#, sib). Do NOT include the octave. Reply with ONLY the syllable and accidental (if needed). Nothing else. Output only the answer.","Listen to this audio clip of a single musical note. The recording may have been sped up or slowed down. Identify the PITCH of the note as it sounds in the audio. What is the main pitch frequency, expressed in Hertz? Reply with ONLY a number (the frequency in Hz). Nothing else. Output only the answer."
stretch_0.5x,stretch,0.5,36,C2,cello,instrument,36,,0,0,0,0,C2,G2,0,0,1,do,sol#,0,0,0,* I don't,G2,sol#,554,/home/hsnu2/PitchBench/data/analysis_audio/pitchbench_e4_time_stretching/C2_cello_3000ms_stretch_0p50x.wav,C2_cello_3000ms_stretch_0p50x.wav,Listen to this audio clip of a single musical note. The recording may have been sped up or slowed down. Identify the PITCH of the note as it sounds in the audio. What is the MIDI note number (an integer from 0 to 127)? Reply with ONLY the integer. Nothing else. Output only the answer.,"Listen to this audio clip of a single musical note. The recording may have been sped up or slowed down. Identify the PITCH of the note as it sounds in the audio. What is the note name and octave? Reply with ONLY the note name in Scientific Pitch Notation (e.g. C4, F#3, Bb5). Nothing else. Output only the answer.","Listen to this audio clip of a single musical note. The recording may have been sped up or slowed down. Identify the PITCH of the note as it sounds in the audio. What is the solfege syllable and accidental (if needed) of this pitch? Use fixed-do (do=C, re=D, mi=E, fa=F, sol=G, la=A, si=B). Include sharps or flats when needed (e.g. do#, reb, fa#, sib). Do NOT include the octave. Reply with ONLY the syllable and accidental (if needed). Nothing else. Output only the answer.","Listen to this audio clip of a single musical note. The recording may have been sped up or slowed down. Identify the PITCH of the note as it sounds in the audio. What is the main pitch frequency, expressed in Hertz? Reply with ONLY a number (the frequency in Hz). Nothing else. Output only the answer."
stretch_0.5x,stretch,0.5,43,G2,cello,instrument,43,61,0,0,0,0,G2,C2,0,0,1,sol,sol#,0,0,0,61,C2,sol#,65,/home/hsnu2/PitchBench/data/analysis_audio/pitchbench_e4_time_stretching/G2_cello_3000ms_stretch_0p50x.wav,G2_cello_3000ms_stretch_0p50x.wav,Listen to this audio clip of a single musical note. The recording may have been sped up or slowed down. Identify the PITCH of the note as it sounds in the audio. What is the MIDI note number (an integer from 0 to 127)? Reply with ONLY the integer. Nothing else. Output only the answer.,"Listen to this audio clip of a single musical note. The recording may have been sped up or slowed down. Identify the PITCH of the note as it sounds in the audio. What is the note name and octave? Reply with ONLY the note name in Scientific Pitch Notation (e.g. C4, F#3, Bb5). Nothing else. Output only the answer.","Listen to this audio clip of a single musical note. The recording may have been sped up or slowed down. Identify the PITCH of the note as it sounds in the audio. What is the solfege syllable and accidental (if needed) of this pitch? Use fixed-do (do=C, re=D, mi=E, fa=F, sol=G, la=A, si=B). Include sharps or flats when needed (e.g. do#, reb, fa#, sib). Do NOT include the octave. Reply with ONLY the syllable and accidental (if needed). Nothing else. Output only the answer.","Listen to this audio clip of a single musical note. The recording may have been sped up or slowed down. Identify the PITCH of the note as it sounds in the audio. What is the main pitch frequency, expressed in Hertz? Reply with ONLY a number (the frequency in Hz). Nothing else. Output only the answer."
stretch_0.5x,stretch,0.5,48,C3,cello,instrument,48,50,0,0,0,1,C3,C4,0,1,0,do,sol#,0,0,0,50,C4,sol#,139.6,/home/hsnu2/PitchBench/data/analysis_audio/pitchbench_e4_time_stretching/C3_cello_3000ms_stretch_0p50x.wav,C3_cello_3000ms_stretch_0p50x.wav,Listen to this audio clip of a single musical note. The recording may have been sped up or slowed down. Identify the PITCH of the note as it sounds in the audio. What is the MIDI note number (an integer from 0 to 127)? Reply with ONLY the integer. Nothing else. Output only the answer.,"Listen to this audio clip of a single musical note. The recording may have been sped up or slowed down. Identify the PITCH of the note as it sounds in the audio. What is the note name and octave? Reply with ONLY the note name in Scientific Pitch Notation (e.g. C4, F#3, Bb5). Nothing else. Output only the answer.","Listen to this audio clip of a single musical note. The recording may have been sped up or slowed down. Identify the PITCH of the note as it sounds in the audio. What is the solfege syllable and accidental (if needed) of this pitch? Use fixed-do (do=C, re=D, mi=E, fa=F, sol=G, la=A, si=B). Include sharps or flats when needed (e.g. do#, reb, fa#, sib). Do NOT include the octave. Reply with ONLY the syllable and accidental (if needed). Nothing else. Output only the answer.","Listen to this audio clip of a single musical note. The recording may have been sped up or slowed down. Identify the PITCH of the note as it sounds in the audio. What is the main pitch frequency, expressed in Hertz? Reply with ONLY a number (the frequency in Hz). Nothing else. Output only the answer."
stretch_0.5x,stretch,0.5,54,F#3,cello,instrument,54,62,0,0,0,0,F#3,F2,0,0,0,fa#,sol#,0,0,0,62,F2,sol#,110,/home/hsnu2/PitchBench/data/analysis_audio/pitchbench_e4_time_stretching/Fs3_cello_3000ms_stretch_0p50x.wav,Fs3_cello_3000ms_stretch_0p50x.wav,Listen to this audio clip of a single musical note. The recording may have been sped up or slowed down. Identify the PITCH of the note as it sounds in the audio. What is the MIDI note number (an integer from 0 to 127)? Reply with ONLY the integer. Nothing else. Output only the answer.,"Listen to this audio clip of a single musical note. The recording may have been sped up or slowed down. Identify the PITCH of the note as it sounds in the audio. What is the note name and octave? Reply with ONLY the note name in Scientific Pitch Notation (e.g. C4, F#3, Bb5). Nothing else. Output only the answer.","Listen to this audio clip of a single musical note. The recording may have been sped up or slowed down. Identify the PITCH of the note as it sounds in the audio. What is the solfege syllable and accidental (if needed) of this pitch? Use fixed-do (do=C, re=D, mi=E, fa=F, sol=G, la=A, si=B). Include sharps or flats when needed (e.g. do#, reb, fa#, sib). Do NOT include the octave. Reply with ONLY the syllable and accidental (if needed). Nothing else. Output only the answer.","Listen to this audio clip of a single musical note. The recording may have been sped up or slowed down. Identify the PITCH of the note as it sounds in the audio. What is the main pitch frequency, expressed in Hertz? Reply with ONLY a number (the frequency in Hz). Nothing else. Output only the answer."
stretch_0.5x,stretch,0.5,58,A#3,cello,instrument,58,31,0,0,0,0,A#3,F2,0,0,0,la#,sol#,0,0,0,31,F2,sol#,87.,/home/hsnu2/PitchBench/data/analysis_audio/pitchbench_e4_time_stretching/As3_cello_3000ms_stretch_0p50x.wav,As3_cello_3000ms_stretch_0p50x.wav,Listen to this audio clip of a single musical note. The recording may have been sped up or slowed down. Identify the PITCH of the note as it sounds in the audio. What is the MIDI note number (an integer from 0 to 127)? Reply with ONLY the integer. Nothing else. Output only the answer.,"Listen to this audio clip of a single musical note. The recording may have been sped up or slowed down. Identify the PITCH of the note as it sounds in the audio. What is the note name and octave? Reply with ONLY the note name in Scientific Pitch Notation (e.g. C4, F#3, Bb5). Nothing else. Output only the answer.","Listen to this audio clip of a single musical note. The recording may have been sped up or slowed down. Identify the PITCH of the note as it sounds in the audio. What is the solfege syllable and accidental (if needed) of this pitch? Use fixed-do (do=C, re=D, mi=E, fa=F, sol=G, la=A, si=B). Include sharps or flats when needed (e.g. do#, reb, fa#, sib). Do NOT include the octave. Reply with ONLY the syllable and accidental (if needed). Nothing else. Output only the answer.","Listen to this audio clip of a single musical note. The recording may have been sped up or slowed down. Identify the PITCH of the note as it sounds in the audio. What is the main pitch frequency, expressed in Hertz? Reply with ONLY a number (the frequency in Hz). Nothing else. Output only the answer."
stretch_0.5x,stretch,0.5,60,C4,cello,instrument,60,41,0,0,0,0,C4,C2,0,1,0,do,sol#,0,0,0,41,C2,sol#,3,/home/hsnu2/PitchBench/data/analysis_audio/pitchbench_e4_time_stretching/C4_cello_3000ms_stretch_0p50x.wav,C4_cello_3000ms_stretch_0p50x.wav,Listen to this audio clip of a single musical note. The recording may have been sped up or slowed down. Identify the PITCH of the note as it sounds in the audio. What is the MIDI note number (an integer from 0 to 127)? Reply with ONLY the integer. Nothing else. Output only the answer.,"Listen to this audio clip of a single musical note. The recording may have been sped up or slowed down. Identify the PITCH of the note as it sounds in the audio. What is the note name and octave? Reply with ONLY the note name in Scientific Pitch Notation (e.g. C4, F#3, Bb5). Nothing else. Output only the answer.","Listen to this audio clip of a single musical note. The recording may have been sped up or slowed down. Identify the PITCH of the note as it sounds in the audio. What is the solfege syllable and accidental (if needed) of this pitch? Use fixed-do (do=C, re=D, mi=E, fa=F, sol=G, la=A, si=B). Include sharps or flats when needed (e.g. do#, reb, fa#, sib). Do NOT include the octave. Reply with ONLY the syllable and accidental (if needed). Nothing else. Output only the answer.","Listen to this audio clip of a single musical note. The recording may have been sped up or slowed down. Identify the PITCH of the note as it sounds in the audio. What is the main pitch frequency, expressed in Hertz? Reply with ONLY a number (the frequency in Hz). Nothing else. Output only the answer."
stretch_0.5x,stretch,0.5,64,E4,cello,instrument,64,88,0,0,1,0,E4,C3,0,0,0,mi,sol#,0,0,0,88,C3,sol#,1,/home/hsnu2/PitchBench/data/analysis_audio/pitchbench_e4_time_stretching/E4_cello_3000ms_stretch_0p50x.wav,E4_cello_3000ms_stretch_0p50x.wav,Listen to this audio clip of a single musical note. The recording may have been sped up or slowed down. Identify the PITCH of the note as it sounds in the audio. What is the MIDI note number (an integer from 0 to 127)? Reply with ONLY the integer. Nothing else. Output only the answer.,"Listen to this audio clip of a single musical note. The recording may have been sped up or slowed down. Identify the PITCH of the note as it sounds in the audio. What is the note name and octave? Reply with ONLY the note name in Scientific Pitch Notation (e.g. C4, F#3, Bb5). Nothing else. Output only the answer.","Listen to this audio clip of a single musical note. The recording may have been sped up or slowed down. Identify the PITCH of the note as it sounds in the audio. What is the solfege syllable and accidental (if needed) of this pitch? Use fixed-do (do=C, re=D, mi=E, fa=F, sol=G, la=A, si=B). Include sharps or flats when needed (e.g. do#, reb, fa#, sib). Do NOT include the octave. Reply with ONLY the syllable and accidental (if needed). Nothing else. Output only the answer.","Listen to this audio clip of a single musical note. The recording may have been sped up or slowed down. Identify the PITCH of the note as it sounds in the audio. What is the main pitch frequency, expressed in Hertz? Reply with ONLY a number (the frequency in Hz). Nothing else. Output only the answer."
stretch_0.5x,stretch,0.5,67,G4,cello,instrument,67,,0,0,0,0,G4,G6,0,1,0,sol,sol#,0,0,0,I need to hear the,G6,sol#,1046.,/home/hsnu2/PitchBench/data/analysis_audio/pitchbench_e4_time_stretching/G4_cello_3000ms_stretch_0p50x.wav,G4_cello_3000ms_stretch_0p50x.wav,Listen to this audio clip of a single musical note. The recording may have been sped up or slowed down. Identify the PITCH of the note as it sounds in the audio. What is the MIDI note number (an integer from 0 to 127)? Reply with ONLY the integer. Nothing else. Output only the answer.,"Listen to this audio clip of a single musical note. The recording may have been sped up or slowed down. Identify the PITCH of the note as it sounds in the audio. What is the note name and octave? Reply with ONLY the note name in Scientific Pitch Notation (e.g. C4, F#3, Bb5). Nothing else. Output only the answer.","Listen to this audio clip of a single musical note. The recording may have been sped up or slowed down. Identify the PITCH of the note as it sounds in the audio. What is the solfege syllable and accidental (if needed) of this pitch? Use fixed-do (do=C, re=D, mi=E, fa=F, sol=G, la=A, si=B). Include sharps or flats when needed (e.g. do#, reb, fa#, sib). Do NOT include the octave. Reply with ONLY the syllable and accidental (if needed). Nothing else. Output only the answer.","Listen to this audio clip of a single musical note. The recording may have been sped up or slowed down. Identify the PITCH of the note as it sounds in the audio. What is the main pitch frequency, expressed in Hertz? Reply with ONLY a number (the frequency in Hz). Nothing else. Output only the answer."
stretch_0.5x,stretch,0.5,69,A4,cello,instrument,69,,0,0,0,0,A4,A6,0,1,0,la,la,1,0,0,*: Wait,A6,la,880.00,/home/hsnu2/PitchBench/data/analysis_audio/pitchbench_e4_time_stretching/A4_cello_3000ms_stretch_0p50x.wav,A4_cello_3000ms_stretch_0p50x.wav,Listen to this audio clip of a single musical note. The recording may have been sped up or slowed down. Identify the PITCH of the note as it sounds in the audio. What is the MIDI note number (an integer from 0 to 127)? Reply with ONLY the integer. Nothing else. Output only the answer.,"Listen to this audio clip of a single musical note. The recording may have been sped up or slowed down. Identify the PITCH of the note as it sounds in the audio. What is the note name and octave? Reply with ONLY the note name in Scientific Pitch Notation (e.g. C4, F#3, Bb5). Nothing else. Output only the answer.","Listen to this audio clip of a single musical note. The recording may have been sped up or slowed down. Identify the PITCH of the note as it sounds in the audio. What is the solfege syllable and accidental (if needed) of this pitch? Use fixed-do (do=C, re=D, mi=E, fa=F, sol=G, la=A, si=B). Include sharps or flats when needed (e.g. do#, reb, fa#, sib). Do NOT include the octave. Reply with ONLY the syllable and accidental (if needed). Nothing else. Output only the answer.","Listen to this audio clip of a single musical note. The recording may have been sped up or slowed down. Identify the PITCH of the note as it sounds in the audio. What is the main pitch frequency, expressed in Hertz? Reply with ONLY a number (the frequency in Hz). Nothing else. Output only the answer."
stretch_0.5x,stretch,0.5,72,C5,cello,instrument,72,31,0,0,0,0,C5,F5,0,0,1,do,sol#,0,0,0,31,F5,sol#,110,/home/hsnu2/PitchBench/data/analysis_audio/pitchbench_e4_time_stretching/C5_cello_3000ms_stretch_0p50x.wav,C5_cello_3000ms_stretch_0p50x.wav,Listen to this audio clip of a single musical note. The recording may have been sped up or slowed down. Identify the PITCH of the note as it sounds in the audio. What is the MIDI note number (an integer from 0 to 127)? Reply with ONLY the integer. Nothing else. Output only the answer.,"Listen to this audio clip of a single musical note. The recording may have been sped up or slowed down. Identify the PITCH of the note as it sounds in the audio. What is the note name and octave? Reply with ONLY the note name in Scientific Pitch Notation (e.g. C4, F#3, Bb5). Nothing else. Output only the answer.","Listen to this audio clip of a single musical note. The recording may have been sped up or slowed down. Identify the PITCH of the note as it sounds in the audio. What is the solfege syllable and accidental (if needed) of this pitch? Use fixed-do (do=C, re=D, mi=E, fa=F, sol=G, la=A, si=B). Include sharps or flats when needed (e.g. do#, reb, fa#, sib). Do NOT include the octave. Reply with ONLY the syllable and accidental (if needed). Nothing else. Output only the answer.","Listen to this audio clip of a single musical note. The recording may have been sped up or slowed down. Identify the PITCH of the note as it sounds in the audio. What is the main pitch frequency, expressed in Hertz? Reply with ONLY a number (the frequency in Hz). Nothing else. Output only the answer."
stretch_0.5x,stretch,0.5,77,F5,cello,instrument,77,65,0,0,1,0,F5,F6,0,1,0,fa,fa#,0,0,0,65,F6,fa#,104,/home/hsnu2/PitchBench/data/analysis_audio/pitchbench_e4_time_stretching/F5_cello_3000ms_stretch_0p50x.wav,F5_cello_3000ms_stretch_0p50x.wav,Listen to this audio clip of a single musical note. The recording may have been sped up or slowed down. Identify the PITCH of the note as it sounds in the audio. What is the MIDI note number (an integer from 0 to 127)? Reply with ONLY the integer. Nothing else. Output only the answer.,"Listen to this audio clip of a single musical note. The recording may have been sped up or slowed down. Identify the PITCH of the note as it sounds in the audio. What is the note name and octave? Reply with ONLY the note name in Scientific Pitch Notation (e.g. C4, F#3, Bb5). Nothing else. Output only the answer.","Listen to this audio clip of a single musical note. The recording may have been sped up or slowed down. Identify the PITCH of the note as it sounds in the audio. What is the solfege syllable and accidental (if needed) of this pitch? Use fixed-do (do=C, re=D, mi=E, fa=F, sol=G, la=A, si=B). Include sharps or flats when needed (e.g. do#, reb, fa#, sib). Do NOT include the octave. Reply with ONLY the syllable and accidental (if needed). Nothing else. Output only the answer.","Listen to this audio clip of a single musical note. The recording may have been sped up or slowed down. Identify the PITCH of the note as it sounds in the audio. What is the main pitch frequency, expressed in Hertz? Reply with ONLY a number (the frequency in Hz). Nothing else. Output only the answer."
stretch_0.5x,stretch,0.5,84,C6,cello,instrument,84,101,0,0,0,0,C6,C6,1,1,1,do,do#,0,0,1,101,C6,do#,1568,/home/hsnu2/PitchBench/data/analysis_audio/pitchbench_e4_time_stretching/C6_cello_3000ms_stretch_0p50x.wav,C6_cello_3000ms_stretch_0p50x.wav,Listen to this audio clip of a single musical note. The recording may have been sped up or slowed down. Identify the PITCH of the note as it sounds in the audio. What is the MIDI note number (an integer from 0 to 127)? Reply with ONLY the integer. Nothing else. Output only the answer.,"Listen to this audio clip of a single musical note. The recording may have been sped up or slowed down. Identify the PITCH of the note as it sounds in the audio. What is the note name and octave? Reply with ONLY the note name in Scientific Pitch Notation (e.g. C4, F#3, Bb5). Nothing else. Output only the answer.","Listen to this audio clip of a single musical note. The recording may have been sped up or slowed down. Identify the PITCH of the note as it sounds in the audio. What is the solfege syllable and accidental (if needed) of this pitch? Use fixed-do (do=C, re=D, mi=E, fa=F, sol=G, la=A, si=B). Include sharps or flats when needed (e.g. do#, reb, fa#, sib). Do NOT include the octave. Reply with ONLY the syllable and accidental (if needed). Nothing else. Output only the answer.","Listen to this audio clip of a single musical note. The recording may have been sped up or slowed down. Identify the PITCH of the note as it sounds in the audio. What is the main pitch frequency, expressed in Hertz? Reply with ONLY a number (the frequency in Hz). Nothing else. Output only the answer."
stretch_2x,stretch,2.0,36,C2,cello,instrument,36,31,0,0,0,0,C2,F2,0,0,1,do,sol#,0,1,1,31,F2,sol#,65.4,/home/hsnu2/PitchBench/data/analysis_audio/pitchbench_e4_time_stretching/C2_cello_3000ms_stretch_2p00x.wav,C2_cello_3000ms_stretch_2p00x.wav,Listen to this audio clip of a single musical note. The recording may have been sped up or slowed down. Identify the PITCH of the note as it sounds in the audio. What is the MIDI note number (an integer from 0 to 127)? Reply with ONLY the integer. Nothing else. Output only the answer.,"Listen to this audio clip of a single musical note. The recording may have been sped up or slowed down. Identify the PITCH of the note as it sounds in the audio. What is the note name and octave? Reply with ONLY the note name in Scientific Pitch Notation (e.g. C4, F#3, Bb5). Nothing else. Output only the answer.","Listen to this audio clip of a single musical note. The recording may have been sped up or slowed down. Identify the PITCH of the note as it sounds in the audio. What is the solfege syllable and accidental (if needed) of this pitch? Use fixed-do (do=C, re=D, mi=E, fa=F, sol=G, la=A, si=B). Include sharps or flats when needed (e.g. do#, reb, fa#, sib). Do NOT include the octave. Reply with ONLY the syllable and accidental (if needed). Nothing else. Output only the answer.","Listen to this audio clip of a single musical note. The recording may have been sped up or slowed down. Identify the PITCH of the note as it sounds in the audio. What is the main pitch frequency, expressed in Hertz? Reply with ONLY a number (the frequency in Hz). Nothing else. Output only the answer."
stretch_2x,stretch,2.0,43,G2,cello,instrument,43,96,0,0,0,0,G2,,0,0,0,sol,sol#,0,0,0,96,D,sol#,104,/home/hsnu2/PitchBench/data/analysis_audio/pitchbench_e4_time_stretching/G2_cello_3000ms_stretch_2p00x.wav,G2_cello_3000ms_stretch_2p00x.wav,Listen to this audio clip of a single musical note. The recording may have been sped up or slowed down. Identify the PITCH of the note as it sounds in the audio. What is the MIDI note number (an integer from 0 to 127)? Reply with ONLY the integer. Nothing else. Output only the answer.,"Listen to this audio clip of a single musical note. The recording may have been sped up or slowed down. Identify the PITCH of the note as it sounds in the audio. What is the note name and octave? Reply with ONLY the note name in Scientific Pitch Notation (e.g. C4, F#3, Bb5). Nothing else. Output only the answer.","Listen to this audio clip of a single musical note. The recording may have been sped up or slowed down. Identify the PITCH of the note as it sounds in the audio. What is the solfege syllable and accidental (if needed) of this pitch? Use fixed-do (do=C, re=D, mi=E, fa=F, sol=G, la=A, si=B). Include sharps or flats when needed (e.g. do#, reb, fa#, sib). Do NOT include the octave. Reply with ONLY the syllable and accidental (if needed). Nothing else. Output only the answer.","Listen to this audio clip of a single musical note. The recording may have been sped up or slowed down. Identify the PITCH of the note as it sounds in the audio. What is the main pitch frequency, expressed in Hertz? Reply with ONLY a number (the frequency in Hz). Nothing else. Output only the answer."
stretch_2x,stretch,2.0,48,C3,cello,instrument,48,31,0,0,0,0,C3,F2,0,0,0,do,sol#,0,0,0,31,F2,sol#,139.,/home/hsnu2/PitchBench/data/analysis_audio/pitchbench_e4_time_stretching/C3_cello_3000ms_stretch_2p00x.wav,C3_cello_3000ms_stretch_2p00x.wav,Listen to this audio clip of a single musical note. The recording may have been sped up or slowed down. Identify the PITCH of the note as it sounds in the audio. What is the MIDI note number (an integer from 0 to 127)? Reply with ONLY the integer. Nothing else. Output only the answer.,"Listen to this audio clip of a single musical note. The recording may have been sped up or slowed down. Identify the PITCH of the note as it sounds in the audio. What is the note name and octave? Reply with ONLY the note name in Scientific Pitch Notation (e.g. C4, F#3, Bb5). Nothing else. Output only the answer.","Listen to this audio clip of a single musical note. The recording may have been sped up or slowed down. Identify the PITCH of the note as it sounds in the audio. What is the solfege syllable and accidental (if needed) of this pitch? Use fixed-do (do=C, re=D, mi=E, fa=F, sol=G, la=A, si=B). Include sharps or flats when needed (e.g. do#, reb, fa#, sib). Do NOT include the octave. Reply with ONLY the syllable and accidental (if needed). Nothing else. Output only the answer.","Listen to this audio clip of a single musical note. The recording may have been sped up or slowed down. Identify the PITCH of the note as it sounds in the audio. What is the main pitch frequency, expressed in Hertz? Reply with ONLY a number (the frequency in Hz). Nothing else. Output only the answer."
stretch_2x,stretch,2.0,54,F#3,cello,instrument,54,41,0,0,0,0,F#3,D2,0,0,0,fa#,sol#,0,0,0,41,D2,sol#,110.00,/home/hsnu2/PitchBench/data/analysis_audio/pitchbench_e4_time_stretching/Fs3_cello_3000ms_stretch_2p00x.wav,Fs3_cello_3000ms_stretch_2p00x.wav,Listen to this audio clip of a single musical note. The recording may have been sped up or slowed down. Identify the PITCH of the note as it sounds in the audio. What is the MIDI note number (an integer from 0 to 127)? Reply with ONLY the integer. Nothing else. Output only the answer.,"Listen to this audio clip of a single musical note. The recording may have been sped up or slowed down. Identify the PITCH of the note as it sounds in the audio. What is the note name and octave? Reply with ONLY the note name in Scientific Pitch Notation (e.g. C4, F#3, Bb5). Nothing else. Output only the answer.","Listen to this audio clip of a single musical note. The recording may have been sped up or slowed down. Identify the PITCH of the note as it sounds in the audio. What is the solfege syllable and accidental (if needed) of this pitch? Use fixed-do (do=C, re=D, mi=E, fa=F, sol=G, la=A, si=B). Include sharps or flats when needed (e.g. do#, reb, fa#, sib). Do NOT include the octave. Reply with ONLY the syllable and accidental (if needed). Nothing else. Output only the answer.","Listen to this audio clip of a single musical note. The recording may have been sped up or slowed down. Identify the PITCH of the note as it sounds in the audio. What is the main pitch frequency, expressed in Hertz? Reply with ONLY a number (the frequency in Hz). Nothing else. Output only the answer."
stretch_2x,stretch,2.0,58,A#3,cello,instrument,58,38,0,0,0,0,A#3,F4,0,0,0,la#,fa#,0,0,0,38,F4,fa#,65.41,/home/hsnu2/PitchBench/data/analysis_audio/pitchbench_e4_time_stretching/As3_cello_3000ms_stretch_2p00x.wav,As3_cello_3000ms_stretch_2p00x.wav,Listen to this audio clip of a single musical note. The recording may have been sped up or slowed down. Identify the PITCH of the note as it sounds in the audio. What is the MIDI note number (an integer from 0 to 127)? Reply with ONLY the integer. Nothing else. Output only the answer.,"Listen to this audio clip of a single musical note. The recording may have been sped up or slowed down. Identify the PITCH of the note as it sounds in the audio. What is the note name and octave? Reply with ONLY the note name in Scientific Pitch Notation (e.g. C4, F#3, Bb5). Nothing else. Output only the answer.","Listen to this audio clip of a single musical note. The recording may have been sped up or slowed down. Identify the PITCH of the note as it sounds in the audio. What is the solfege syllable and accidental (if needed) of this pitch? Use fixed-do (do=C, re=D, mi=E, fa=F, sol=G, la=A, si=B). Include sharps or flats when needed (e.g. do#, reb, fa#, sib). Do NOT include the octave. Reply with ONLY the syllable and accidental (if needed). Nothing else. Output only the answer.","Listen to this audio clip of a single musical note. The recording may have been sped up or slowed down. Identify the PITCH of the note as it sounds in the audio. What is the main pitch frequency, expressed in Hertz? Reply with ONLY a number (the frequency in Hz). Nothing else. Output only the answer."
stretch_2x,stretch,2.0,60,C4,cello,instrument,60,36,0,0,1,0,C4,C4,1,1,1,do,sol#,0,0,1,36,C4,sol#,349,/home/hsnu2/PitchBench/data/analysis_audio/pitchbench_e4_time_stretching/C4_cello_3000ms_stretch_2p00x.wav,C4_cello_3000ms_stretch_2p00x.wav,Listen to this audio clip of a single musical note. The recording may have been sped up or slowed down. Identify the PITCH of the note as it sounds in the audio. What is the MIDI note number (an integer from 0 to 127)? Reply with ONLY the integer. Nothing else. Output only the answer.,"Listen to this audio clip of a single musical note. The recording may have been sped up or slowed down. Identify the PITCH of the note as it sounds in the audio. What is the note name and octave? Reply with ONLY the note name in Scientific Pitch Notation (e.g. C4, F#3, Bb5). Nothing else. Output only the answer.","Listen to this audio clip of a single musical note. The recording may have been sped up or slowed down. Identify the PITCH of the note as it sounds in the audio. What is the solfege syllable and accidental (if needed) of this pitch? Use fixed-do (do=C, re=D, mi=E, fa=F, sol=G, la=A, si=B). Include sharps or flats when needed (e.g. do#, reb, fa#, sib). Do NOT include the octave. Reply with ONLY the syllable and accidental (if needed). Nothing else. Output only the answer.","Listen to this audio clip of a single musical note. The recording may have been sped up or slowed down. Identify the PITCH of the note as it sounds in the audio. What is the main pitch frequency, expressed in Hertz? Reply with ONLY a number (the frequency in Hz). Nothing else. Output only the answer."
stretch_2x,stretch,2.0,64,E4,cello,instrument,64,8,0,0,0,0,E4,F#5,0,0,0,mi,fa#,0,0,0,8,F#5,fa#,1108,/home/hsnu2/PitchBench/data/analysis_audio/pitchbench_e4_time_stretching/E4_cello_3000ms_stretch_2p00x.wav,E4_cello_3000ms_stretch_2p00x.wav,Listen to this audio clip of a single musical note. The recording may have been sped up or slowed down. Identify the PITCH of the note as it sounds in the audio. What is the MIDI note number (an integer from 0 to 127)? Reply with ONLY the integer. Nothing else. Output only the answer.,"Listen to this audio clip of a single musical note. The recording may have been sped up or slowed down. Identify the PITCH of the note as it sounds in the audio. What is the note name and octave? Reply with ONLY the note name in Scientific Pitch Notation (e.g. C4, F#3, Bb5). Nothing else. Output only the answer.","Listen to this audio clip of a single musical note. The recording may have been sped up or slowed down. Identify the PITCH of the note as it sounds in the audio. What is the solfege syllable and accidental (if needed) of this pitch? Use fixed-do (do=C, re=D, mi=E, fa=F, sol=G, la=A, si=B). Include sharps or flats when needed (e.g. do#, reb, fa#, sib). Do NOT include the octave. Reply with ONLY the syllable and accidental (if needed). Nothing else. Output only the answer.","Listen to this audio clip of a single musical note. The recording may have been sped up or slowed down. Identify the PITCH of the note as it sounds in the audio. What is the main pitch frequency, expressed in Hertz? Reply with ONLY a number (the frequency in Hz). Nothing else. Output only the answer."
stretch_2x,stretch,2.0,67,G4,cello,instrument,67,83,0,0,0,0,G4,G#5,0,0,0,sol,sol#,0,0,0,83,G#5,sol#,").
    *   It",/home/hsnu2/PitchBench/data/analysis_audio/pitchbench_e4_time_stretching/G4_cello_3000ms_stretch_2p00x.wav,G4_cello_3000ms_stretch_2p00x.wav,Listen to this audio clip of a single musical note. The recording may have been sped up or slowed down. Identify the PITCH of the note as it sounds in the audio. What is the MIDI note number (an integer from 0 to 127)? Reply with ONLY the integer. Nothing else. Output only the answer.,"Listen to this audio clip of a single musical note. The recording may have been sped up or slowed down. Identify the PITCH of the note as it sounds in the audio. What is the note name and octave? Reply with ONLY the note name in Scientific Pitch Notation (e.g. C4, F#3, Bb5). Nothing else. Output only the answer.","Listen to this audio clip of a single musical note. The recording may have been sped up or slowed down. Identify the PITCH of the note as it sounds in the audio. What is the solfege syllable and accidental (if needed) of this pitch? Use fixed-do (do=C, re=D, mi=E, fa=F, sol=G, la=A, si=B). Include sharps or flats when needed (e.g. do#, reb, fa#, sib). Do NOT include the octave. Reply with ONLY the syllable and accidental (if needed). Nothing else. Output only the answer.","Listen to this audio clip of a single musical note. The recording may have been sped up or slowed down. Identify the PITCH of the note as it sounds in the audio. What is the main pitch frequency, expressed in Hertz? Reply with ONLY a number (the frequency in Hz). Nothing else. Output only the answer."
stretch_2x,stretch,2.0,69,A4,cello,instrument,69,81,0,0,1,0,A4,A5,0,1,0,la,la#,0,0,0,81,A5,la#,1108.7,/home/hsnu2/PitchBench/data/analysis_audio/pitchbench_e4_time_stretching/A4_cello_3000ms_stretch_2p00x.wav,A4_cello_3000ms_stretch_2p00x.wav,Listen to this audio clip of a single musical note. The recording may have been sped up or slowed down. Identify the PITCH of the note as it sounds in the audio. What is the MIDI note number (an integer from 0 to 127)? Reply with ONLY the integer. Nothing else. Output only the answer.,"Listen to this audio clip of a single musical note. The recording may have been sped up or slowed down. Identify the PITCH of the note as it sounds in the audio. What is the note name and octave? Reply with ONLY the note name in Scientific Pitch Notation (e.g. C4, F#3, Bb5). Nothing else. Output only the answer.","Listen to this audio clip of a single musical note. The recording may have been sped up or slowed down. Identify the PITCH of the note as it sounds in the audio. What is the solfege syllable and accidental (if needed) of this pitch? Use fixed-do (do=C, re=D, mi=E, fa=F, sol=G, la=A, si=B). Include sharps or flats when needed (e.g. do#, reb, fa#, sib). Do NOT include the octave. Reply with ONLY the syllable and accidental (if needed). Nothing else. Output only the answer.","Listen to this audio clip of a single musical note. The recording may have been sped up or slowed down. Identify the PITCH of the note as it sounds in the audio. What is the main pitch frequency, expressed in Hertz? Reply with ONLY a number (the frequency in Hz). Nothing else. Output only the answer."
stretch_2x,stretch,2.0,72,C5,cello,instrument,72,101,0,0,0,0,C5,F#6,0,0,0,do,sol#,0,0,0,101,F#6,sol#,1046,/home/hsnu2/PitchBench/data/analysis_audio/pitchbench_e4_time_stretching/C5_cello_3000ms_stretch_2p00x.wav,C5_cello_3000ms_stretch_2p00x.wav,Listen to this audio clip of a single musical note. The recording may have been sped up or slowed down. Identify the PITCH of the note as it sounds in the audio. What is the MIDI note number (an integer from 0 to 127)? Reply with ONLY the integer. Nothing else. Output only the answer.,"Listen to this audio clip of a single musical note. The recording may have been sped up or slowed down. Identify the PITCH of the note as it sounds in the audio. What is the note name and octave? Reply with ONLY the note name in Scientific Pitch Notation (e.g. C4, F#3, Bb5). Nothing else. Output only the answer.","Listen to this audio clip of a single musical note. The recording may have been sped up or slowed down. Identify the PITCH of the note as it sounds in the audio. What is the solfege syllable and accidental (if needed) of this pitch? Use fixed-do (do=C, re=D, mi=E, fa=F, sol=G, la=A, si=B). Include sharps or flats when needed (e.g. do#, reb, fa#, sib). Do NOT include the octave. Reply with ONLY the syllable and accidental (if needed). Nothing else. Output only the answer.","Listen to this audio clip of a single musical note. The recording may have been sped up or slowed down. Identify the PITCH of the note as it sounds in the audio. What is the main pitch frequency, expressed in Hertz? Reply with ONLY a number (the frequency in Hz). Nothing else. Output only the answer."
stretch_2x,stretch,2.0,77,F5,cello,instrument,77,10,0,0,0,0,F5,F6,0,1,0,fa,,0,0,0,10,F6,Listen to the audio.,1174.,/home/hsnu2/PitchBench/data/analysis_audio/pitchbench_e4_time_stretching/F5_cello_3000ms_stretch_2p00x.wav,F5_cello_3000ms_stretch_2p00x.wav,Listen to this audio clip of a single musical note. The recording may have been sped up or slowed down. Identify the PITCH of the note as it sounds in the audio. What is the MIDI note number (an integer from 0 to 127)? Reply with ONLY the integer. Nothing else. Output only the answer.,"Listen to this audio clip of a single musical note. The recording may have been sped up or slowed down. Identify the PITCH of the note as it sounds in the audio. What is the note name and octave? Reply with ONLY the note name in Scientific Pitch Notation (e.g. C4, F#3, Bb5). Nothing else. Output only the answer.","Listen to this audio clip of a single musical note. The recording may have been sped up or slowed down. Identify the PITCH of the note as it sounds in the audio. What is the solfege syllable and accidental (if needed) of this pitch? Use fixed-do (do=C, re=D, mi=E, fa=F, sol=G, la=A, si=B). Include sharps or flats when needed (e.g. do#, reb, fa#, sib). Do NOT include the octave. Reply with ONLY the syllable and accidental (if needed). Nothing else. Output only the answer.","Listen to this audio clip of a single musical note. The recording may have been sped up or slowed down. Identify the PITCH of the note as it sounds in the audio. What is the main pitch frequency, expressed in Hertz? Reply with ONLY a number (the frequency in Hz). Nothing else. Output only the answer."
stretch_2x,stretch,2.0,84,C6,cello,instrument,84,106,0,0,0,0,C6,F#6,0,0,1,do,sol#,0,0,0,106,F#6,sol#,2093.0,/home/hsnu2/PitchBench/data/analysis_audio/pitchbench_e4_time_stretching/C6_cello_3000ms_stretch_2p00x.wav,C6_cello_3000ms_stretch_2p00x.wav,Listen to this audio clip of a single musical note. The recording may have been sped up or slowed down. Identify the PITCH of the note as it sounds in the audio. What is the MIDI note number (an integer from 0 to 127)? Reply with ONLY the integer. Nothing else. Output only the answer.,"Listen to this audio clip of a single musical note. The recording may have been sped up or slowed down. Identify the PITCH of the note as it sounds in the audio. What is the note name and octave? Reply with ONLY the note name in Scientific Pitch Notation (e.g. C4, F#3, Bb5). Nothing else. Output only the answer.","Listen to this audio clip of a single musical note. The recording may have been sped up or slowed down. Identify the PITCH of the note as it sounds in the audio. What is the solfege syllable and accidental (if needed) of this pitch? Use fixed-do (do=C, re=D, mi=E, fa=F, sol=G, la=A, si=B). Include sharps or flats when needed (e.g. do#, reb, fa#, sib). Do NOT include the octave. Reply with ONLY the syllable and accidental (if needed). Nothing else. Output only the answer.","Listen to this audio clip of a single musical note. The recording may have been sped up or slowed down. Identify the PITCH of the note as it sounds in the audio. What is the main pitch frequency, expressed in Hertz? Reply with ONLY a number (the frequency in Hz). Nothing else. Output only the answer."
resample_0.5x,resample,0.5,36,C2,flute,instrument,48,34,0,0,0,0,C3,F2,0,0,0,do,fa#,0,0,0,34,F2,fa#,65.4,/home/hsnu2/PitchBench/data/analysis_audio/pitchbench_e4_time_stretching/C2_flute_3000ms_resample_0p50x.wav,C2_flute_3000ms_resample_0p50x.wav,Listen to this audio clip of a single musical note. The recording may have been sped up or slowed down. Identify the PITCH of the note as it sounds in the audio. What is the MIDI note number (an integer from 0 to 127)? Reply with ONLY the integer. Nothing else. Output only the answer.,"Listen to this audio clip of a single musical note. The recording may have been sped up or slowed down. Identify the PITCH of the note as it sounds in the audio. What is the note name and octave? Reply with ONLY the note name in Scientific Pitch Notation (e.g. C4, F#3, Bb5). Nothing else. Output only the answer.","Listen to this audio clip of a single musical note. The recording may have been sped up or slowed down. Identify the PITCH of the note as it sounds in the audio. What is the solfege syllable and accidental (if needed) of this pitch? Use fixed-do (do=C, re=D, mi=E, fa=F, sol=G, la=A, si=B). Include sharps or flats when needed (e.g. do#, reb, fa#, sib). Do NOT include the octave. Reply with ONLY the syllable and accidental (if needed). Nothing else. Output only the answer.","Listen to this audio clip of a single musical note. The recording may have been sped up or slowed down. Identify the PITCH of the note as it sounds in the audio. What is the main pitch frequency, expressed in Hertz? Reply with ONLY a number (the frequency in Hz). Nothing else. Output only the answer."
resample_0.5x,resample,0.5,43,G2,flute,instrument,55,41,0,0,0,0,G3,F2,0,0,0,sol,sol#,0,0,0,41,F2,sol#,65.4,/home/hsnu2/PitchBench/data/analysis_audio/pitchbench_e4_time_stretching/G2_flute_3000ms_resample_0p50x.wav,G2_flute_3000ms_resample_0p50x.wav,Listen to this audio clip of a single musical note. The recording may have been sped up or slowed down. Identify the PITCH of the note as it sounds in the audio. What is the MIDI note number (an integer from 0 to 127)? Reply with ONLY the integer. Nothing else. Output only the answer.,"Listen to this audio clip of a single musical note. The recording may have been sped up or slowed down. Identify the PITCH of the note as it sounds in the audio. What is the note name and octave? Reply with ONLY the note name in Scientific Pitch Notation (e.g. C4, F#3, Bb5). Nothing else. Output only the answer.","Listen to this audio clip of a single musical note. The recording may have been sped up or slowed down. Identify the PITCH of the note as it sounds in the audio. What is the solfege syllable and accidental (if needed) of this pitch? Use fixed-do (do=C, re=D, mi=E, fa=F, sol=G, la=A, si=B). Include sharps or flats when needed (e.g. do#, reb, fa#, sib). Do NOT include the octave. Reply with ONLY the syllable and accidental (if needed). Nothing else. Output only the answer.","Listen to this audio clip of a single musical note. The recording may have been sped up or slowed down. Identify the PITCH of the note as it sounds in the audio. What is the main pitch frequency, expressed in Hertz? Reply with ONLY a number (the frequency in Hz). Nothing else. Output only the answer."
resample_0.5x,resample,0.5,48,C3,flute,instrument,60,84,0,0,1,0,C4,C5,0,1,0,do,sol#,0,0,0,84,C5,sol#,1046,/home/hsnu2/PitchBench/data/analysis_audio/pitchbench_e4_time_stretching/C3_flute_3000ms_resample_0p50x.wav,C3_flute_3000ms_resample_0p50x.wav,Listen to this audio clip of a single musical note. The recording may have been sped up or slowed down. Identify the PITCH of the note as it sounds in the audio. What is the MIDI note number (an integer from 0 to 127)? Reply with ONLY the integer. Nothing else. Output only the answer.,"Listen to this audio clip of a single musical note. The recording may have been sped up or slowed down. Identify the PITCH of the note as it sounds in the audio. What is the note name and octave? Reply with ONLY the note name in Scientific Pitch Notation (e.g. C4, F#3, Bb5). Nothing else. Output only the answer.","Listen to this audio clip of a single musical note. The recording may have been sped up or slowed down. Identify the PITCH of the note as it sounds in the audio. What is the solfege syllable and accidental (if needed) of this pitch? Use fixed-do (do=C, re=D, mi=E, fa=F, sol=G, la=A, si=B). Include sharps or flats when needed (e.g. do#, reb, fa#, sib). Do NOT include the octave. Reply with ONLY the syllable and accidental (if needed). Nothing else. Output only the answer.","Listen to this audio clip of a single musical note. The recording may have been sped up or slowed down. Identify the PITCH of the note as it sounds in the audio. What is the main pitch frequency, expressed in Hertz? Reply with ONLY a number (the frequency in Hz). Nothing else. Output only the answer."
resample_0.5x,resample,0.5,54,F#3,flute,instrument,66,36,0,0,0,0,F#4,F#5,0,1,0,fa#,fa#,1,0,0,36,F#5,fa#,1760.,/home/hsnu2/PitchBench/data/analysis_audio/pitchbench_e4_time_stretching/Fs3_flute_3000ms_resample_0p50x.wav,Fs3_flute_3000ms_resample_0p50x.wav,Listen to this audio clip of a single musical note. The recording may have been sped up or slowed down. Identify the PITCH of the note as it sounds in the audio. What is the MIDI note number (an integer from 0 to 127)? Reply with ONLY the integer. Nothing else. Output only the answer.,"Listen to this audio clip of a single musical note. The recording may have been sped up or slowed down. Identify the PITCH of the note as it sounds in the audio. What is the note name and octave? Reply with ONLY the note name in Scientific Pitch Notation (e.g. C4, F#3, Bb5). Nothing else. Output only the answer.","Listen to this audio clip of a single musical note. The recording may have been sped up or slowed down. Identify the PITCH of the note as it sounds in the audio. What is the solfege syllable and accidental (if needed) of this pitch? Use fixed-do (do=C, re=D, mi=E, fa=F, sol=G, la=A, si=B). Include sharps or flats when needed (e.g. do#, reb, fa#, sib). Do NOT include the octave. Reply with ONLY the syllable and accidental (if needed). Nothing else. Output only the answer.","Listen to this audio clip of a single musical note. The recording may have been sped up or slowed down. Identify the PITCH of the note as it sounds in the audio. What is the main pitch frequency, expressed in Hertz? Reply with ONLY a number (the frequency in Hz). Nothing else. Output only the answer."
resample_0.5x,resample,0.5,58,A#3,flute,instrument,70,4,0,0,0,0,A#4,D#2,0,0,0,la#,,0,0,0,4,D#2,examples,65.4,/home/hsnu2/PitchBench/data/analysis_audio/pitchbench_e4_time_stretching/As3_flute_3000ms_resample_0p50x.wav,As3_flute_3000ms_resample_0p50x.wav,Listen to this audio clip of a single musical note. The recording may have been sped up or slowed down. Identify the PITCH of the note as it sounds in the audio. What is the MIDI note number (an integer from 0 to 127)? Reply with ONLY the integer. Nothing else. Output only the answer.,"Listen to this audio clip of a single musical note. The recording may have been sped up or slowed down. Identify the PITCH of the note as it sounds in the audio. What is the note name and octave? Reply with ONLY the note name in Scientific Pitch Notation (e.g. C4, F#3, Bb5). Nothing else. Output only the answer.","Listen to this audio clip of a single musical note. The recording may have been sped up or slowed down. Identify the PITCH of the note as it sounds in the audio. What is the solfege syllable and accidental (if needed) of this pitch? Use fixed-do (do=C, re=D, mi=E, fa=F, sol=G, la=A, si=B). Include sharps or flats when needed (e.g. do#, reb, fa#, sib). Do NOT include the octave. Reply with ONLY the syllable and accidental (if needed). Nothing else. Output only the answer.","Listen to this audio clip of a single musical note. The recording may have been sped up or slowed down. Identify the PITCH of the note as it sounds in the audio. What is the main pitch frequency, expressed in Hertz? Reply with ONLY a number (the frequency in Hz). Nothing else. Output only the answer."
resample_0.5x,resample,0.5,60,C4,flute,instrument,72,88,0,0,0,0,C5,C6,0,1,0,do,sol#,0,0,0,88,C6,sol#,1108.7,/home/hsnu2/PitchBench/data/analysis_audio/pitchbench_e4_time_stretching/C4_flute_3000ms_resample_0p50x.wav,C4_flute_3000ms_resample_0p50x.wav,Listen to this audio clip of a single musical note. The recording may have been sped up or slowed down. Identify the PITCH of the note as it sounds in the audio. What is the MIDI note number (an integer from 0 to 127)? Reply with ONLY the integer. Nothing else. Output only the answer.,"Listen to this audio clip of a single musical note. The recording may have been sped up or slowed down. Identify the PITCH of the note as it sounds in the audio. What is the note name and octave? Reply with ONLY the note name in Scientific Pitch Notation (e.g. C4, F#3, Bb5). Nothing else. Output only the answer.","Listen to this audio clip of a single musical note. The recording may have been sped up or slowed down. Identify the PITCH of the note as it sounds in the audio. What is the solfege syllable and accidental (if needed) of this pitch? Use fixed-do (do=C, re=D, mi=E, fa=F, sol=G, la=A, si=B). Include sharps or flats when needed (e.g. do#, reb, fa#, sib). Do NOT include the octave. Reply with ONLY the syllable and accidental (if needed). Nothing else. Output only the answer.","Listen to this audio clip of a single musical note. The recording may have been sped up or slowed down. Identify the PITCH of the note as it sounds in the audio. What is the main pitch frequency, expressed in Hertz? Reply with ONLY a number (the frequency in Hz). Nothing else. Output only the answer."
resample_0.5x,resample,0.5,64,E4,flute,instrument,76,,0,0,0,0,E5,F#6,0,0,0,mi,sol#,0,0,0,I need to identify the pitch,F#6,sol#,523.25,/home/hsnu2/PitchBench/data/analysis_audio/pitchbench_e4_time_stretching/E4_flute_3000ms_resample_0p50x.wav,E4_flute_3000ms_resample_0p50x.wav,Listen to this audio clip of a single musical note. The recording may have been sped up or slowed down. Identify the PITCH of the note as it sounds in the audio. What is the MIDI note number (an integer from 0 to 127)? Reply with ONLY the integer. Nothing else. Output only the answer.,"Listen to this audio clip of a single musical note. The recording may have been sped up or slowed down. Identify the PITCH of the note as it sounds in the audio. What is the note name and octave? Reply with ONLY the note name in Scientific Pitch Notation (e.g. C4, F#3, Bb5). Nothing else. Output only the answer.","Listen to this audio clip of a single musical note. The recording may have been sped up or slowed down. Identify the PITCH of the note as it sounds in the audio. What is the solfege syllable and accidental (if needed) of this pitch? Use fixed-do (do=C, re=D, mi=E, fa=F, sol=G, la=A, si=B). Include sharps or flats when needed (e.g. do#, reb, fa#, sib). Do NOT include the octave. Reply with ONLY the syllable and accidental (if needed). Nothing else. Output only the answer.","Listen to this audio clip of a single musical note. The recording may have been sped up or slowed down. Identify the PITCH of the note as it sounds in the audio. What is the main pitch frequency, expressed in Hertz? Reply with ONLY a number (the frequency in Hz). Nothing else. Output only the answer."
resample_0.5x,resample,0.5,67,G4,flute,instrument,79,108,0,0,0,0,G5,F#6,0,0,0,sol,sol#,0,0,0,108,F#6,sol#,1396.9,/home/hsnu2/PitchBench/data/analysis_audio/pitchbench_e4_time_stretching/G4_flute_3000ms_resample_0p50x.wav,G4_flute_3000ms_resample_0p50x.wav,Listen to this audio clip of a single musical note. The recording may have been sped up or slowed down. Identify the PITCH of the note as it sounds in the audio. What is the MIDI note number (an integer from 0 to 127)? Reply with ONLY the integer. Nothing else. Output only the answer.,"Listen to this audio clip of a single musical note. The recording may have been sped up or slowed down. Identify the PITCH of the note as it sounds in the audio. What is the note name and octave? Reply with ONLY the note name in Scientific Pitch Notation (e.g. C4, F#3, Bb5). Nothing else. Output only the answer.","Listen to this audio clip of a single musical note. The recording may have been sped up or slowed down. Identify the PITCH of the note as it sounds in the audio. What is the solfege syllable and accidental (if needed) of this pitch? Use fixed-do (do=C, re=D, mi=E, fa=F, sol=G, la=A, si=B). Include sharps or flats when needed (e.g. do#, reb, fa#, sib). Do NOT include the octave. Reply with ONLY the syllable and accidental (if needed). Nothing else. Output only the answer.","Listen to this audio clip of a single musical note. The recording may have been sped up or slowed down. Identify the PITCH of the note as it sounds in the audio. What is the main pitch frequency, expressed in Hertz? Reply with ONLY a number (the frequency in Hz). Nothing else. Output only the answer."
resample_0.5x,resample,0.5,69,A4,flute,instrument,81,101,0,0,0,0,A5,C6,0,0,0,la,sol#,0,0,0,101,C6,sol#,1,/home/hsnu2/PitchBench/data/analysis_audio/pitchbench_e4_time_stretching/A4_flute_3000ms_resample_0p50x.wav,A4_flute_3000ms_resample_0p50x.wav,Listen to this audio clip of a single musical note. The recording may have been sped up or slowed down. Identify the PITCH of the note as it sounds in the audio. What is the MIDI note number (an integer from 0 to 127)? Reply with ONLY the integer. Nothing else. Output only the answer.,"Listen to this audio clip of a single musical note. The recording may have been sped up or slowed down. Identify the PITCH of the note as it sounds in the audio. What is the note name and octave? Reply with ONLY the note name in Scientific Pitch Notation (e.g. C4, F#3, Bb5). Nothing else. Output only the answer.","Listen to this audio clip of a single musical note. The recording may have been sped up or slowed down. Identify the PITCH of the note as it sounds in the audio. What is the solfege syllable and accidental (if needed) of this pitch? Use fixed-do (do=C, re=D, mi=E, fa=F, sol=G, la=A, si=B). Include sharps or flats when needed (e.g. do#, reb, fa#, sib). Do NOT include the octave. Reply with ONLY the syllable and accidental (if needed). Nothing else. Output only the answer.","Listen to this audio clip of a single musical note. The recording may have been sped up or slowed down. Identify the PITCH of the note as it sounds in the audio. What is the main pitch frequency, expressed in Hertz? Reply with ONLY a number (the frequency in Hz). Nothing else. Output only the answer."
resample_0.5x,resample,0.5,72,C5,flute,instrument,84,104,0,0,0,0,C6,C7,0,1,0,do,sol#,0,1,1,104,C7,sol#,1046.,/home/hsnu2/PitchBench/data/analysis_audio/pitchbench_e4_time_stretching/C5_flute_3000ms_resample_0p50x.wav,C5_flute_3000ms_resample_0p50x.wav,Listen to this audio clip of a single musical note. The recording may have been sped up or slowed down. Identify the PITCH of the note as it sounds in the audio. What is the MIDI note number (an integer from 0 to 127)? Reply with ONLY the integer. Nothing else. Output only the answer.,"Listen to this audio clip of a single musical note. The recording may have been sped up or slowed down. Identify the PITCH of the note as it sounds in the audio. What is the note name and octave? Reply with ONLY the note name in Scientific Pitch Notation (e.g. C4, F#3, Bb5). Nothing else. Output only the answer.","Listen to this audio clip of a single musical note. The recording may have been sped up or slowed down. Identify the PITCH of the note as it sounds in the audio. What is the solfege syllable and accidental (if needed) of this pitch? Use fixed-do (do=C, re=D, mi=E, fa=F, sol=G, la=A, si=B). Include sharps or flats when needed (e.g. do#, reb, fa#, sib). Do NOT include the octave. Reply with ONLY the syllable and accidental (if needed). Nothing else. Output only the answer.","Listen to this audio clip of a single musical note. The recording may have been sped up or slowed down. Identify the PITCH of the note as it sounds in the audio. What is the main pitch frequency, expressed in Hertz? Reply with ONLY a number (the frequency in Hz). Nothing else. Output only the answer."
resample_0.5x,resample,0.5,77,F5,flute,instrument,89,101,0,0,1,0,F6,F#6,0,0,1,fa,sol#,0,0,0,101,F#6,sol#,2,/home/hsnu2/PitchBench/data/analysis_audio/pitchbench_e4_time_stretching/F5_flute_3000ms_resample_0p50x.wav,F5_flute_3000ms_resample_0p50x.wav,Listen to this audio clip of a single musical note. The recording may have been sped up or slowed down. Identify the PITCH of the note as it sounds in the audio. What is the MIDI note number (an integer from 0 to 127)? Reply with ONLY the integer. Nothing else. Output only the answer.,"Listen to this audio clip of a single musical note. The recording may have been sped up or slowed down. Identify the PITCH of the note as it sounds in the audio. What is the note name and octave? Reply with ONLY the note name in Scientific Pitch Notation (e.g. C4, F#3, Bb5). Nothing else. Output only the answer.","Listen to this audio clip of a single musical note. The recording may have been sped up or slowed down. Identify the PITCH of the note as it sounds in the audio. What is the solfege syllable and accidental (if needed) of this pitch? Use fixed-do (do=C, re=D, mi=E, fa=F, sol=G, la=A, si=B). Include sharps or flats when needed (e.g. do#, reb, fa#, sib). Do NOT include the octave. Reply with ONLY the syllable and accidental (if needed). Nothing else. Output only the answer.","Listen to this audio clip of a single musical note. The recording may have been sped up or slowed down. Identify the PITCH of the note as it sounds in the audio. What is the main pitch frequency, expressed in Hertz? Reply with ONLY a number (the frequency in Hz). Nothing else. Output only the answer."
resample_0.5x,resample,0.5,84,C6,flute,instrument,96,100,0,0,0,1,C7,C6,0,1,0,do,,0,0,0,100,C6,examples,1046.5,/home/hsnu2/PitchBench/data/analysis_audio/pitchbench_e4_time_stretching/C6_flute_3000ms_resample_0p50x.wav,C6_flute_3000ms_resample_0p50x.wav,Listen to this audio clip of a single musical note. The recording may have been sped up or slowed down. Identify the PITCH of the note as it sounds in the audio. What is the MIDI note number (an integer from 0 to 127)? Reply with ONLY the integer. Nothing else. Output only the answer.,"Listen to this audio clip of a single musical note. The recording may have been sped up or slowed down. Identify the PITCH of the note as it sounds in the audio. What is the note name and octave? Reply with ONLY the note name in Scientific Pitch Notation (e.g. C4, F#3, Bb5). Nothing else. Output only the answer.","Listen to this audio clip of a single musical note. The recording may have been sped up or slowed down. Identify the PITCH of the note as it sounds in the audio. What is the solfege syllable and accidental (if needed) of this pitch? Use fixed-do (do=C, re=D, mi=E, fa=F, sol=G, la=A, si=B). Include sharps or flats when needed (e.g. do#, reb, fa#, sib). Do NOT include the octave. Reply with ONLY the syllable and accidental (if needed). Nothing else. Output only the answer.","Listen to this audio clip of a single musical note. The recording may have been sped up or slowed down. Identify the PITCH of the note as it sounds in the audio. What is the main pitch frequency, expressed in Hertz? Reply with ONLY a number (the frequency in Hz). Nothing else. Output only the answer."
resample_2x,resample,2.0,36,C2,flute,instrument,24,,0,0,0,0,C1,C2,0,1,0,do,sol#,0,0,0,*: I don',C2,sol#,130.,/home/hsnu2/PitchBench/data/analysis_audio/pitchbench_e4_time_stretching/C2_flute_3000ms_resample_2p00x.wav,C2_flute_3000ms_resample_2p00x.wav,Listen to this audio clip of a single musical note. The recording may have been sped up or slowed down. Identify the PITCH of the note as it sounds in the audio. What is the MIDI note number (an integer from 0 to 127)? Reply with ONLY the integer. Nothing else. Output only the answer.,"Listen to this audio clip of a single musical note. The recording may have been sped up or slowed down. Identify the PITCH of the note as it sounds in the audio. What is the note name and octave? Reply with ONLY the note name in Scientific Pitch Notation (e.g. C4, F#3, Bb5). Nothing else. Output only the answer.","Listen to this audio clip of a single musical note. The recording may have been sped up or slowed down. Identify the PITCH of the note as it sounds in the audio. What is the solfege syllable and accidental (if needed) of this pitch? Use fixed-do (do=C, re=D, mi=E, fa=F, sol=G, la=A, si=B). Include sharps or flats when needed (e.g. do#, reb, fa#, sib). Do NOT include the octave. Reply with ONLY the syllable and accidental (if needed). Nothing else. Output only the answer.","Listen to this audio clip of a single musical note. The recording may have been sped up or slowed down. Identify the PITCH of the note as it sounds in the audio. What is the main pitch frequency, expressed in Hertz? Reply with ONLY a number (the frequency in Hz). Nothing else. Output only the answer."
resample_2x,resample,2.0,43,G2,flute,instrument,31,19,0,0,1,0,G1,,0,0,0,sol,sol#,0,0,0,19,D,sol#,65.,/home/hsnu2/PitchBench/data/analysis_audio/pitchbench_e4_time_stretching/G2_flute_3000ms_resample_2p00x.wav,G2_flute_3000ms_resample_2p00x.wav,Listen to this audio clip of a single musical note. The recording may have been sped up or slowed down. Identify the PITCH of the note as it sounds in the audio. What is the MIDI note number (an integer from 0 to 127)? Reply with ONLY the integer. Nothing else. Output only the answer.,"Listen to this audio clip of a single musical note. The recording may have been sped up or slowed down. Identify the PITCH of the note as it sounds in the audio. What is the note name and octave? Reply with ONLY the note name in Scientific Pitch Notation (e.g. C4, F#3, Bb5). Nothing else. Output only the answer.","Listen to this audio clip of a single musical note. The recording may have been sped up or slowed down. Identify the PITCH of the note as it sounds in the audio. What is the solfege syllable and accidental (if needed) of this pitch? Use fixed-do (do=C, re=D, mi=E, fa=F, sol=G, la=A, si=B). Include sharps or flats when needed (e.g. do#, reb, fa#, sib). Do NOT include the octave. Reply with ONLY the syllable and accidental (if needed). Nothing else. Output only the answer.","Listen to this audio clip of a single musical note. The recording may have been sped up or slowed down. Identify the PITCH of the note as it sounds in the audio. What is the main pitch frequency, expressed in Hertz? Reply with ONLY a number (the frequency in Hz). Nothing else. Output only the answer."
resample_2x,resample,2.0,48,C3,flute,instrument,36,31,0,0,0,0,C2,C2,1,1,1,do,sol#,0,1,1,31,C2,sol#,65.41,/home/hsnu2/PitchBench/data/analysis_audio/pitchbench_e4_time_stretching/C3_flute_3000ms_resample_2p00x.wav,C3_flute_3000ms_resample_2p00x.wav,Listen to this audio clip of a single musical note. The recording may have been sped up or slowed down. Identify the PITCH of the note as it sounds in the audio. What is the MIDI note number (an integer from 0 to 127)? Reply with ONLY the integer. Nothing else. Output only the answer.,"Listen to this audio clip of a single musical note. The recording may have been sped up or slowed down. Identify the PITCH of the note as it sounds in the audio. What is the note name and octave? Reply with ONLY the note name in Scientific Pitch Notation (e.g. C4, F#3, Bb5). Nothing else. Output only the answer.","Listen to this audio clip of a single musical note. The recording may have been sped up or slowed down. Identify the PITCH of the note as it sounds in the audio. What is the solfege syllable and accidental (if needed) of this pitch? Use fixed-do (do=C, re=D, mi=E, fa=F, sol=G, la=A, si=B). Include sharps or flats when needed (e.g. do#, reb, fa#, sib). Do NOT include the octave. Reply with ONLY the syllable and accidental (if needed). Nothing else. Output only the answer.","Listen to this audio clip of a single musical note. The recording may have been sped up or slowed down. Identify the PITCH of the note as it sounds in the audio. What is the main pitch frequency, expressed in Hertz? Reply with ONLY a number (the frequency in Hz). Nothing else. Output only the answer."
resample_2x,resample,2.0,54,F#3,flute,instrument,42,31,0,0,0,0,F#2,F2,0,0,1,fa#,,0,0,0,31,F2,:,103.83,/home/hsnu2/PitchBench/data/analysis_audio/pitchbench_e4_time_stretching/Fs3_flute_3000ms_resample_2p00x.wav,Fs3_flute_3000ms_resample_2p00x.wav,Listen to this audio clip of a single musical note. The recording may have been sped up or slowed down. Identify the PITCH of the note as it sounds in the audio. What is the MIDI note number (an integer from 0 to 127)? Reply with ONLY the integer. Nothing else. Output only the answer.,"Listen to this audio clip of a single musical note. The recording may have been sped up or slowed down. Identify the PITCH of the note as it sounds in the audio. What is the note name and octave? Reply with ONLY the note name in Scientific Pitch Notation (e.g. C4, F#3, Bb5). Nothing else. Output only the answer.","Listen to this audio clip of a single musical note. The recording may have been sped up or slowed down. Identify the PITCH of the note as it sounds in the audio. What is the solfege syllable and accidental (if needed) of this pitch? Use fixed-do (do=C, re=D, mi=E, fa=F, sol=G, la=A, si=B). Include sharps or flats when needed (e.g. do#, reb, fa#, sib). Do NOT include the octave. Reply with ONLY the syllable and accidental (if needed). Nothing else. Output only the answer.","Listen to this audio clip of a single musical note. The recording may have been sped up or slowed down. Identify the PITCH of the note as it sounds in the audio. What is the main pitch frequency, expressed in Hertz? Reply with ONLY a number (the frequency in Hz). Nothing else. Output only the answer."
resample_2x,resample,2.0,58,A#3,flute,instrument,46,36,0,0,0,1,A#2,F1,0,0,0,la#,sol#,0,0,0,36,F1,sol#,6,/home/hsnu2/PitchBench/data/analysis_audio/pitchbench_e4_time_stretching/As3_flute_3000ms_resample_2p00x.wav,As3_flute_3000ms_resample_2p00x.wav,Listen to this audio clip of a single musical note. The recording may have been sped up or slowed down. Identify the PITCH of the note as it sounds in the audio. What is the MIDI note number (an integer from 0 to 127)? Reply with ONLY the integer. Nothing else. Output only the answer.,"Listen to this audio clip of a single musical note. The recording may have been sped up or slowed down. Identify the PITCH of the note as it sounds in the audio. What is the note name and octave? Reply with ONLY the note name in Scientific Pitch Notation (e.g. C4, F#3, Bb5). Nothing else. Output only the answer.","Listen to this audio clip of a single musical note. The recording may have been sped up or slowed down. Identify the PITCH of the note as it sounds in the audio. What is the solfege syllable and accidental (if needed) of this pitch? Use fixed-do (do=C, re=D, mi=E, fa=F, sol=G, la=A, si=B). Include sharps or flats when needed (e.g. do#, reb, fa#, sib). Do NOT include the octave. Reply with ONLY the syllable and accidental (if needed). Nothing else. Output only the answer.","Listen to this audio clip of a single musical note. The recording may have been sped up or slowed down. Identify the PITCH of the note as it sounds in the audio. What is the main pitch frequency, expressed in Hertz? Reply with ONLY a number (the frequency in Hz). Nothing else. Output only the answer."
resample_2x,resample,2.0,60,C4,flute,instrument,48,26,0,0,0,0,C3,F1,0,0,0,do,sol#,0,0,0,26,F1,sol#,65.41,/home/hsnu2/PitchBench/data/analysis_audio/pitchbench_e4_time_stretching/C4_flute_3000ms_resample_2p00x.wav,C4_flute_3000ms_resample_2p00x.wav,Listen to this audio clip of a single musical note. The recording may have been sped up or slowed down. Identify the PITCH of the note as it sounds in the audio. What is the MIDI note number (an integer from 0 to 127)? Reply with ONLY the integer. Nothing else. Output only the answer.,"Listen to this audio clip of a single musical note. The recording may have been sped up or slowed down. Identify the PITCH of the note as it sounds in the audio. What is the note name and octave? Reply with ONLY the note name in Scientific Pitch Notation (e.g. C4, F#3, Bb5). Nothing else. Output only the answer.","Listen to this audio clip of a single musical note. The recording may have been sped up or slowed down. Identify the PITCH of the note as it sounds in the audio. What is the solfege syllable and accidental (if needed) of this pitch? Use fixed-do (do=C, re=D, mi=E, fa=F, sol=G, la=A, si=B). Include sharps or flats when needed (e.g. do#, reb, fa#, sib). Do NOT include the octave. Reply with ONLY the syllable and accidental (if needed). Nothing else. Output only the answer.","Listen to this audio clip of a single musical note. The recording may have been sped up or slowed down. Identify the PITCH of the note as it sounds in the audio. What is the main pitch frequency, expressed in Hertz? Reply with ONLY a number (the frequency in Hz). Nothing else. Output only the answer."
resample_2x,resample,2.0,64,E4,flute,instrument,52,34,0,0,0,0,E3,F#4,0,0,0,mi,sol#,0,0,0,34,F#4,sol#,311.13,/home/hsnu2/PitchBench/data/analysis_audio/pitchbench_e4_time_stretching/E4_flute_3000ms_resample_2p00x.wav,E4_flute_3000ms_resample_2p00x.wav,Listen to this audio clip of a single musical note. The recording may have been sped up or slowed down. Identify the PITCH of the note as it sounds in the audio. What is the MIDI note number (an integer from 0 to 127)? Reply with ONLY the integer. Nothing else. Output only the answer.,"Listen to this audio clip of a single musical note. The recording may have been sped up or slowed down. Identify the PITCH of the note as it sounds in the audio. What is the note name and octave? Reply with ONLY the note name in Scientific Pitch Notation (e.g. C4, F#3, Bb5). Nothing else. Output only the answer.","Listen to this audio clip of a single musical note. The recording may have been sped up or slowed down. Identify the PITCH of the note as it sounds in the audio. What is the solfege syllable and accidental (if needed) of this pitch? Use fixed-do (do=C, re=D, mi=E, fa=F, sol=G, la=A, si=B). Include sharps or flats when needed (e.g. do#, reb, fa#, sib). Do NOT include the octave. Reply with ONLY the syllable and accidental (if needed). Nothing else. Output only the answer.","Listen to this audio clip of a single musical note. The recording may have been sped up or slowed down. Identify the PITCH of the note as it sounds in the audio. What is the main pitch frequency, expressed in Hertz? Reply with ONLY a number (the frequency in Hz). Nothing else. Output only the answer."
resample_2x,resample,2.0,67,G4,flute,instrument,55,38,0,0,0,0,G3,F2,0,0,0,sol,sol#,0,0,0,38,F2,sol#,98.00,/home/hsnu2/PitchBench/data/analysis_audio/pitchbench_e4_time_stretching/G4_flute_3000ms_resample_2p00x.wav,G4_flute_3000ms_resample_2p00x.wav,Listen to this audio clip of a single musical note. The recording may have been sped up or slowed down. Identify the PITCH of the note as it sounds in the audio. What is the MIDI note number (an integer from 0 to 127)? Reply with ONLY the integer. Nothing else. Output only the answer.,"Listen to this audio clip of a single musical note. The recording may have been sped up or slowed down. Identify the PITCH of the note as it sounds in the audio. What is the note name and octave? Reply with ONLY the note name in Scientific Pitch Notation (e.g. C4, F#3, Bb5). Nothing else. Output only the answer.","Listen to this audio clip of a single musical note. The recording may have been sped up or slowed down. Identify the PITCH of the note as it sounds in the audio. What is the solfege syllable and accidental (if needed) of this pitch? Use fixed-do (do=C, re=D, mi=E, fa=F, sol=G, la=A, si=B). Include sharps or flats when needed (e.g. do#, reb, fa#, sib). Do NOT include the octave. Reply with ONLY the syllable and accidental (if needed). Nothing else. Output only the answer.","Listen to this audio clip of a single musical note. The recording may have been sped up or slowed down. Identify the PITCH of the note as it sounds in the audio. What is the main pitch frequency, expressed in Hertz? Reply with ONLY a number (the frequency in Hz). Nothing else. Output only the answer."
resample_2x,resample,2.0,69,A4,flute,instrument,57,61,0,0,0,0,A3,F#4,0,0,0,la,sol#,0,0,0,61,F#4,sol#,523.2,/home/hsnu2/PitchBench/data/analysis_audio/pitchbench_e4_time_stretching/A4_flute_3000ms_resample_2p00x.wav,A4_flute_3000ms_resample_2p00x.wav,Listen to this audio clip of a single musical note. The recording may have been sped up or slowed down. Identify the PITCH of the note as it sounds in the audio. What is the MIDI note number (an integer from 0 to 127)? Reply with ONLY the integer. Nothing else. Output only the answer.,"Listen to this audio clip of a single musical note. The recording may have been sped up or slowed down. Identify the PITCH of the note as it sounds in the audio. What is the note name and octave? Reply with ONLY the note name in Scientific Pitch Notation (e.g. C4, F#3, Bb5). Nothing else. Output only the answer.","Listen to this audio clip of a single musical note. The recording may have been sped up or slowed down. Identify the PITCH of the note as it sounds in the audio. What is the solfege syllable and accidental (if needed) of this pitch? Use fixed-do (do=C, re=D, mi=E, fa=F, sol=G, la=A, si=B). Include sharps or flats when needed (e.g. do#, reb, fa#, sib). Do NOT include the octave. Reply with ONLY the syllable and accidental (if needed). Nothing else. Output only the answer.","Listen to this audio clip of a single musical note. The recording may have been sped up or slowed down. Identify the PITCH of the note as it sounds in the audio. What is the main pitch frequency, expressed in Hertz? Reply with ONLY a number (the frequency in Hz). Nothing else. Output only the answer."
resample_2x,resample,2.0,72,C5,flute,instrument,60,53,0,0,0,0,C4,F2,0,0,0,do,fa#,0,0,0,53,F2,solb,130,/home/hsnu2/PitchBench/data/analysis_audio/pitchbench_e4_time_stretching/C5_flute_3000ms_resample_2p00x.wav,C5_flute_3000ms_resample_2p00x.wav,Listen to this audio clip of a single musical note. The recording may have been sped up or slowed down. Identify the PITCH of the note as it sounds in the audio. What is the MIDI note number (an integer from 0 to 127)? Reply with ONLY the integer. Nothing else. Output only the answer.,"Listen to this audio clip of a single musical note. The recording may have been sped up or slowed down. Identify the PITCH of the note as it sounds in the audio. What is the note name and octave? Reply with ONLY the note name in Scientific Pitch Notation (e.g. C4, F#3, Bb5). Nothing else. Output only the answer.","Listen to this audio clip of a single musical note. The recording may have been sped up or slowed down. Identify the PITCH of the note as it sounds in the audio. What is the solfege syllable and accidental (if needed) of this pitch? Use fixed-do (do=C, re=D, mi=E, fa=F, sol=G, la=A, si=B). Include sharps or flats when needed (e.g. do#, reb, fa#, sib). Do NOT include the octave. Reply with ONLY the syllable and accidental (if needed). Nothing else. Output only the answer.","Listen to this audio clip of a single musical note. The recording may have been sped up or slowed down. Identify the PITCH of the note as it sounds in the audio. What is the main pitch frequency, expressed in Hertz? Reply with ONLY a number (the frequency in Hz). Nothing else. Output only the answer."
resample_2x,resample,2.0,77,F5,flute,instrument,65,41,0,0,1,0,F4,F#5,0,0,0,fa,sol#,0,0,0,41,F#5,sol#,138.59,/home/hsnu2/PitchBench/data/analysis_audio/pitchbench_e4_time_stretching/F5_flute_3000ms_resample_2p00x.wav,F5_flute_3000ms_resample_2p00x.wav,Listen to this audio clip of a single musical note. The recording may have been sped up or slowed down. Identify the PITCH of the note as it sounds in the audio. What is the MIDI note number (an integer from 0 to 127)? Reply with ONLY the integer. Nothing else. Output only the answer.,"Listen to this audio clip of a single musical note. The recording may have been sped up or slowed down. Identify the PITCH of the note as it sounds in the audio. What is the note name and octave? Reply with ONLY the note name in Scientific Pitch Notation (e.g. C4, F#3, Bb5). Nothing else. Output only the answer.","Listen to this audio clip of a single musical note. The recording may have been sped up or slowed down. Identify the PITCH of the note as it sounds in the audio. What is the solfege syllable and accidental (if needed) of this pitch? Use fixed-do (do=C, re=D, mi=E, fa=F, sol=G, la=A, si=B). Include sharps or flats when needed (e.g. do#, reb, fa#, sib). Do NOT include the octave. Reply with ONLY the syllable and accidental (if needed). Nothing else. Output only the answer.","Listen to this audio clip of a single musical note. The recording may have been sped up or slowed down. Identify the PITCH of the note as it sounds in the audio. What is the main pitch frequency, expressed in Hertz? Reply with ONLY a number (the frequency in Hz). Nothing else. Output only the answer."
resample_2x,resample,2.0,84,C6,flute,instrument,72,83,0,0,0,1,C5,F#6,0,0,0,do,sol#,0,0,0,83,F#6,sol#,1568.0,/home/hsnu2/PitchBench/data/analysis_audio/pitchbench_e4_time_stretching/C6_flute_3000ms_resample_2p00x.wav,C6_flute_3000ms_resample_2p00x.wav,Listen to this audio clip of a single musical note. The recording may have been sped up or slowed down. Identify the PITCH of the note as it sounds in the audio. What is the MIDI note number (an integer from 0 to 127)? Reply with ONLY the integer. Nothing else. Output only the answer.,"Listen to this audio clip of a single musical note. The recording may have been sped up or slowed down. Identify the PITCH of the note as it sounds in the audio. What is the note name and octave? Reply with ONLY the note name in Scientific Pitch Notation (e.g. C4, F#3, Bb5). Nothing else. Output only the answer.","Listen to this audio clip of a single musical note. The recording may have been sped up or slowed down. Identify the PITCH of the note as it sounds in the audio. What is the solfege syllable and accidental (if needed) of this pitch? Use fixed-do (do=C, re=D, mi=E, fa=F, sol=G, la=A, si=B). Include sharps or flats when needed (e.g. do#, reb, fa#, sib). Do NOT include the octave. Reply with ONLY the syllable and accidental (if needed). Nothing else. Output only the answer.","Listen to this audio clip of a single musical note. The recording may have been sped up or slowed down. Identify the PITCH of the note as it sounds in the audio. What is the main pitch frequency, expressed in Hertz? Reply with ONLY a number (the frequency in Hz). Nothing else. Output only the answer."
stretch_0.5x,stretch,0.5,36,C2,flute,instrument,36,63,0,0,0,0,C2,C2,1,1,1,do,sol#,0,0,1,63,C2,sol#,10,/home/hsnu2/PitchBench/data/analysis_audio/pitchbench_e4_time_stretching/C2_flute_3000ms_stretch_0p50x.wav,C2_flute_3000ms_stretch_0p50x.wav,Listen to this audio clip of a single musical note. The recording may have been sped up or slowed down. Identify the PITCH of the note as it sounds in the audio. What is the MIDI note number (an integer from 0 to 127)? Reply with ONLY the integer. Nothing else. Output only the answer.,"Listen to this audio clip of a single musical note. The recording may have been sped up or slowed down. Identify the PITCH of the note as it sounds in the audio. What is the note name and octave? Reply with ONLY the note name in Scientific Pitch Notation (e.g. C4, F#3, Bb5). Nothing else. Output only the answer.","Listen to this audio clip of a single musical note. The recording may have been sped up or slowed down. Identify the PITCH of the note as it sounds in the audio. What is the solfege syllable and accidental (if needed) of this pitch? Use fixed-do (do=C, re=D, mi=E, fa=F, sol=G, la=A, si=B). Include sharps or flats when needed (e.g. do#, reb, fa#, sib). Do NOT include the octave. Reply with ONLY the syllable and accidental (if needed). Nothing else. Output only the answer.","Listen to this audio clip of a single musical note. The recording may have been sped up or slowed down. Identify the PITCH of the note as it sounds in the audio. What is the main pitch frequency, expressed in Hertz? Reply with ONLY a number (the frequency in Hz). Nothing else. Output only the answer."
stretch_0.5x,stretch,0.5,43,G2,flute,instrument,43,31,0,0,1,0,G2,F2,0,0,1,sol,sol#,0,0,0,31,F2,sol#,65.41,/home/hsnu2/PitchBench/data/analysis_audio/pitchbench_e4_time_stretching/G2_flute_3000ms_stretch_0p50x.wav,G2_flute_3000ms_stretch_0p50x.wav,Listen to this audio clip of a single musical note. The recording may have been sped up or slowed down. Identify the PITCH of the note as it sounds in the audio. What is the MIDI note number (an integer from 0 to 127)? Reply with ONLY the integer. Nothing else. Output only the answer.,"Listen to this audio clip of a single musical note. The recording may have been sped up or slowed down. Identify the PITCH of the note as it sounds in the audio. What is the note name and octave? Reply with ONLY the note name in Scientific Pitch Notation (e.g. C4, F#3, Bb5). Nothing else. Output only the answer.","Listen to this audio clip of a single musical note. The recording may have been sped up or slowed down. Identify the PITCH of the note as it sounds in the audio. What is the solfege syllable and accidental (if needed) of this pitch? Use fixed-do (do=C, re=D, mi=E, fa=F, sol=G, la=A, si=B). Include sharps or flats when needed (e.g. do#, reb, fa#, sib). Do NOT include the octave. Reply with ONLY the syllable and accidental (if needed). Nothing else. Output only the answer.","Listen to this audio clip of a single musical note. The recording may have been sped up or slowed down. Identify the PITCH of the note as it sounds in the audio. What is the main pitch frequency, expressed in Hertz? Reply with ONLY a number (the frequency in Hz). Nothing else. Output only the answer."
stretch_0.5x,stretch,0.5,48,C3,flute,instrument,48,36,0,0,1,0,C3,C3,1,1,1,do,fa#,0,1,1,36,C3,solb,130,/home/hsnu2/PitchBench/data/analysis_audio/pitchbench_e4_time_stretching/C3_flute_3000ms_stretch_0p50x.wav,C3_flute_3000ms_stretch_0p50x.wav,Listen to this audio clip of a single musical note. The recording may have been sped up or slowed down. Identify the PITCH of the note as it sounds in the audio. What is the MIDI note number (an integer from 0 to 127)? Reply with ONLY the integer. Nothing else. Output only the answer.,"Listen to this audio clip of a single musical note. The recording may have been sped up or slowed down. Identify the PITCH of the note as it sounds in the audio. What is the note name and octave? Reply with ONLY the note name in Scientific Pitch Notation (e.g. C4, F#3, Bb5). Nothing else. Output only the answer.","Listen to this audio clip of a single musical note. The recording may have been sped up or slowed down. Identify the PITCH of the note as it sounds in the audio. What is the solfege syllable and accidental (if needed) of this pitch? Use fixed-do (do=C, re=D, mi=E, fa=F, sol=G, la=A, si=B). Include sharps or flats when needed (e.g. do#, reb, fa#, sib). Do NOT include the octave. Reply with ONLY the syllable and accidental (if needed). Nothing else. Output only the answer.","Listen to this audio clip of a single musical note. The recording may have been sped up or slowed down. Identify the PITCH of the note as it sounds in the audio. What is the main pitch frequency, expressed in Hertz? Reply with ONLY a number (the frequency in Hz). Nothing else. Output only the answer."
stretch_0.5x,stretch,0.5,54,F#3,flute,instrument,54,,0,0,0,0,F#3,D2,0,0,0,fa#,sol#,0,0,0,* Wait,D2,sol#,103.83,/home/hsnu2/PitchBench/data/analysis_audio/pitchbench_e4_time_stretching/Fs3_flute_3000ms_stretch_0p50x.wav,Fs3_flute_3000ms_stretch_0p50x.wav,Listen to this audio clip of a single musical note. The recording may have been sped up or slowed down. Identify the PITCH of the note as it sounds in the audio. What is the MIDI note number (an integer from 0 to 127)? Reply with ONLY the integer. Nothing else. Output only the answer.,"Listen to this audio clip of a single musical note. The recording may have been sped up or slowed down. Identify the PITCH of the note as it sounds in the audio. What is the note name and octave? Reply with ONLY the note name in Scientific Pitch Notation (e.g. C4, F#3, Bb5). Nothing else. Output only the answer.","Listen to this audio clip of a single musical note. The recording may have been sped up or slowed down. Identify the PITCH of the note as it sounds in the audio. What is the solfege syllable and accidental (if needed) of this pitch? Use fixed-do (do=C, re=D, mi=E, fa=F, sol=G, la=A, si=B). Include sharps or flats when needed (e.g. do#, reb, fa#, sib). Do NOT include the octave. Reply with ONLY the syllable and accidental (if needed). Nothing else. Output only the answer.","Listen to this audio clip of a single musical note. The recording may have been sped up or slowed down. Identify the PITCH of the note as it sounds in the audio. What is the main pitch frequency, expressed in Hertz? Reply with ONLY a number (the frequency in Hz). Nothing else. Output only the answer."
stretch_0.5x,stretch,0.5,58,A#3,flute,instrument,58,38,0,0,0,0,A#3,F2,0,0,0,la#,sol#,0,0,0,38,F2,sol#,174.6,/home/hsnu2/PitchBench/data/analysis_audio/pitchbench_e4_time_stretching/As3_flute_3000ms_stretch_0p50x.wav,As3_flute_3000ms_stretch_0p50x.wav,Listen to this audio clip of a single musical note. The recording may have been sped up or slowed down. Identify the PITCH of the note as it sounds in the audio. What is the MIDI note number (an integer from 0 to 127)? Reply with ONLY the integer. Nothing else. Output only the answer.,"Listen to this audio clip of a single musical note. The recording may have been sped up or slowed down. Identify the PITCH of the note as it sounds in the audio. What is the note name and octave? Reply with ONLY the note name in Scientific Pitch Notation (e.g. C4, F#3, Bb5). Nothing else. Output only the answer.","Listen to this audio clip of a single musical note. The recording may have been sped up or slowed down. Identify the PITCH of the note as it sounds in the audio. What is the solfege syllable and accidental (if needed) of this pitch? Use fixed-do (do=C, re=D, mi=E, fa=F, sol=G, la=A, si=B). Include sharps or flats when needed (e.g. do#, reb, fa#, sib). Do NOT include the octave. Reply with ONLY the syllable and accidental (if needed). Nothing else. Output only the answer.","Listen to this audio clip of a single musical note. The recording may have been sped up or slowed down. Identify the PITCH of the note as it sounds in the audio. What is the main pitch frequency, expressed in Hertz? Reply with ONLY a number (the frequency in Hz). Nothing else. Output only the answer."
stretch_0.5x,stretch,0.5,60,C4,flute,instrument,60,96,0,0,1,0,C4,C6,0,1,0,do,fa#,0,0,0,96,C6,fa#,104,/home/hsnu2/PitchBench/data/analysis_audio/pitchbench_e4_time_stretching/C4_flute_3000ms_stretch_0p50x.wav,C4_flute_3000ms_stretch_0p50x.wav,Listen to this audio clip of a single musical note. The recording may have been sped up or slowed down. Identify the PITCH of the note as it sounds in the audio. What is the MIDI note number (an integer from 0 to 127)? Reply with ONLY the integer. Nothing else. Output only the answer.,"Listen to this audio clip of a single musical note. The recording may have been sped up or slowed down. Identify the PITCH of the note as it sounds in the audio. What is the note name and octave? Reply with ONLY the note name in Scientific Pitch Notation (e.g. C4, F#3, Bb5). Nothing else. Output only the answer.","Listen to this audio clip of a single musical note. The recording may have been sped up or slowed down. Identify the PITCH of the note as it sounds in the audio. What is the solfege syllable and accidental (if needed) of this pitch? Use fixed-do (do=C, re=D, mi=E, fa=F, sol=G, la=A, si=B). Include sharps or flats when needed (e.g. do#, reb, fa#, sib). Do NOT include the octave. Reply with ONLY the syllable and accidental (if needed). Nothing else. Output only the answer.","Listen to this audio clip of a single musical note. The recording may have been sped up or slowed down. Identify the PITCH of the note as it sounds in the audio. What is the main pitch frequency, expressed in Hertz? Reply with ONLY a number (the frequency in Hz). Nothing else. Output only the answer."
stretch_0.5x,stretch,0.5,64,E4,flute,instrument,64,84,0,0,0,0,E4,C5,0,0,0,mi,sol#,0,0,0,84,C5,sol#,1046,/home/hsnu2/PitchBench/data/analysis_audio/pitchbench_e4_time_stretching/E4_flute_3000ms_stretch_0p50x.wav,E4_flute_3000ms_stretch_0p50x.wav,Listen to this audio clip of a single musical note. The recording may have been sped up or slowed down. Identify the PITCH of the note as it sounds in the audio. What is the MIDI note number (an integer from 0 to 127)? Reply with ONLY the integer. Nothing else. Output only the answer.,"Listen to this audio clip of a single musical note. The recording may have been sped up or slowed down. Identify the PITCH of the note as it sounds in the audio. What is the note name and octave? Reply with ONLY the note name in Scientific Pitch Notation (e.g. C4, F#3, Bb5). Nothing else. Output only the answer.","Listen to this audio clip of a single musical note. The recording may have been sped up or slowed down. Identify the PITCH of the note as it sounds in the audio. What is the solfege syllable and accidental (if needed) of this pitch? Use fixed-do (do=C, re=D, mi=E, fa=F, sol=G, la=A, si=B). Include sharps or flats when needed (e.g. do#, reb, fa#, sib). Do NOT include the octave. Reply with ONLY the syllable and accidental (if needed). Nothing else. Output only the answer.","Listen to this audio clip of a single musical note. The recording may have been sped up or slowed down. Identify the PITCH of the note as it sounds in the audio. What is the main pitch frequency, expressed in Hertz? Reply with ONLY a number (the frequency in Hz). Nothing else. Output only the answer."
stretch_0.5x,stretch,0.5,67,G4,flute,instrument,67,83,0,0,0,0,G4,F#5,0,0,0,sol,sol#,0,0,0,83,F#5,sol#,1108.7,/home/hsnu2/PitchBench/data/analysis_audio/pitchbench_e4_time_stretching/G4_flute_3000ms_stretch_0p50x.wav,G4_flute_3000ms_stretch_0p50x.wav,Listen to this audio clip of a single musical note. The recording may have been sped up or slowed down. Identify the PITCH of the note as it sounds in the audio. What is the MIDI note number (an integer from 0 to 127)? Reply with ONLY the integer. Nothing else. Output only the answer.,"Listen to this audio clip of a single musical note. The recording may have been sped up or slowed down. Identify the PITCH of the note as it sounds in the audio. What is the note name and octave? Reply with ONLY the note name in Scientific Pitch Notation (e.g. C4, F#3, Bb5). Nothing else. Output only the answer.","Listen to this audio clip of a single musical note. The recording may have been sped up or slowed down. Identify the PITCH of the note as it sounds in the audio. What is the solfege syllable and accidental (if needed) of this pitch? Use fixed-do (do=C, re=D, mi=E, fa=F, sol=G, la=A, si=B). Include sharps or flats when needed (e.g. do#, reb, fa#, sib). Do NOT include the octave. Reply with ONLY the syllable and accidental (if needed). Nothing else. Output only the answer.","Listen to this audio clip of a single musical note. The recording may have been sped up or slowed down. Identify the PITCH of the note as it sounds in the audio. What is the main pitch frequency, expressed in Hertz? Reply with ONLY a number (the frequency in Hz). Nothing else. Output only the answer."
stretch_0.5x,stretch,0.5,69,A4,flute,instrument,69,74,0,0,0,0,A4,F#5,0,0,0,la,sol#,0,0,0,74,F#5,sol#,880.,/home/hsnu2/PitchBench/data/analysis_audio/pitchbench_e4_time_stretching/A4_flute_3000ms_stretch_0p50x.wav,A4_flute_3000ms_stretch_0p50x.wav,Listen to this audio clip of a single musical note. The recording may have been sped up or slowed down. Identify the PITCH of the note as it sounds in the audio. What is the MIDI note number (an integer from 0 to 127)? Reply with ONLY the integer. Nothing else. Output only the answer.,"Listen to this audio clip of a single musical note. The recording may have been sped up or slowed down. Identify the PITCH of the note as it sounds in the audio. What is the note name and octave? Reply with ONLY the note name in Scientific Pitch Notation (e.g. C4, F#3, Bb5). Nothing else. Output only the answer.","Listen to this audio clip of a single musical note. The recording may have been sped up or slowed down. Identify the PITCH of the note as it sounds in the audio. What is the solfege syllable and accidental (if needed) of this pitch? Use fixed-do (do=C, re=D, mi=E, fa=F, sol=G, la=A, si=B). Include sharps or flats when needed (e.g. do#, reb, fa#, sib). Do NOT include the octave. Reply with ONLY the syllable and accidental (if needed). Nothing else. Output only the answer.","Listen to this audio clip of a single musical note. The recording may have been sped up or slowed down. Identify the PITCH of the note as it sounds in the audio. What is the main pitch frequency, expressed in Hertz? Reply with ONLY a number (the frequency in Hz). Nothing else. Output only the answer."
stretch_0.5x,stretch,0.5,72,C5,flute,instrument,72,88,0,0,0,0,C5,C6,0,1,0,do,sol#,0,0,0,88,C6,sol#,1046.,/home/hsnu2/PitchBench/data/analysis_audio/pitchbench_e4_time_stretching/C5_flute_3000ms_stretch_0p50x.wav,C5_flute_3000ms_stretch_0p50x.wav,Listen to this audio clip of a single musical note. The recording may have been sped up or slowed down. Identify the PITCH of the note as it sounds in the audio. What is the MIDI note number (an integer from 0 to 127)? Reply with ONLY the integer. Nothing else. Output only the answer.,"Listen to this audio clip of a single musical note. The recording may have been sped up or slowed down. Identify the PITCH of the note as it sounds in the audio. What is the note name and octave? Reply with ONLY the note name in Scientific Pitch Notation (e.g. C4, F#3, Bb5). Nothing else. Output only the answer.","Listen to this audio clip of a single musical note. The recording may have been sped up or slowed down. Identify the PITCH of the note as it sounds in the audio. What is the solfege syllable and accidental (if needed) of this pitch? Use fixed-do (do=C, re=D, mi=E, fa=F, sol=G, la=A, si=B). Include sharps or flats when needed (e.g. do#, reb, fa#, sib). Do NOT include the octave. Reply with ONLY the syllable and accidental (if needed). Nothing else. Output only the answer.","Listen to this audio clip of a single musical note. The recording may have been sped up or slowed down. Identify the PITCH of the note as it sounds in the audio. What is the main pitch frequency, expressed in Hertz? Reply with ONLY a number (the frequency in Hz). Nothing else. Output only the answer."
stretch_0.5x,stretch,0.5,77,F5,flute,instrument,77,84,0,0,0,0,F5,F6,0,1,0,fa,sol#,0,0,0,84,F6,sol#,139,/home/hsnu2/PitchBench/data/analysis_audio/pitchbench_e4_time_stretching/F5_flute_3000ms_stretch_0p50x.wav,F5_flute_3000ms_stretch_0p50x.wav,Listen to this audio clip of a single musical note. The recording may have been sped up or slowed down. Identify the PITCH of the note as it sounds in the audio. What is the MIDI note number (an integer from 0 to 127)? Reply with ONLY the integer. Nothing else. Output only the answer.,"Listen to this audio clip of a single musical note. The recording may have been sped up or slowed down. Identify the PITCH of the note as it sounds in the audio. What is the note name and octave? Reply with ONLY the note name in Scientific Pitch Notation (e.g. C4, F#3, Bb5). Nothing else. Output only the answer.","Listen to this audio clip of a single musical note. The recording may have been sped up or slowed down. Identify the PITCH of the note as it sounds in the audio. What is the solfege syllable and accidental (if needed) of this pitch? Use fixed-do (do=C, re=D, mi=E, fa=F, sol=G, la=A, si=B). Include sharps or flats when needed (e.g. do#, reb, fa#, sib). Do NOT include the octave. Reply with ONLY the syllable and accidental (if needed). Nothing else. Output only the answer.","Listen to this audio clip of a single musical note. The recording may have been sped up or slowed down. Identify the PITCH of the note as it sounds in the audio. What is the main pitch frequency, expressed in Hertz? Reply with ONLY a number (the frequency in Hz). Nothing else. Output only the answer."
stretch_0.5x,stretch,0.5,84,C6,flute,instrument,84,1,0,0,0,0,C6,C6,1,1,1,do,sol#,0,1,1,1,C6,sol#,1046.5,/home/hsnu2/PitchBench/data/analysis_audio/pitchbench_e4_time_stretching/C6_flute_3000ms_stretch_0p50x.wav,C6_flute_3000ms_stretch_0p50x.wav,Listen to this audio clip of a single musical note. The recording may have been sped up or slowed down. Identify the PITCH of the note as it sounds in the audio. What is the MIDI note number (an integer from 0 to 127)? Reply with ONLY the integer. Nothing else. Output only the answer.,"Listen to this audio clip of a single musical note. The recording may have been sped up or slowed down. Identify the PITCH of the note as it sounds in the audio. What is the note name and octave? Reply with ONLY the note name in Scientific Pitch Notation (e.g. C4, F#3, Bb5). Nothing else. Output only the answer.","Listen to this audio clip of a single musical note. The recording may have been sped up or slowed down. Identify the PITCH of the note as it sounds in the audio. What is the solfege syllable and accidental (if needed) of this pitch? Use fixed-do (do=C, re=D, mi=E, fa=F, sol=G, la=A, si=B). Include sharps or flats when needed (e.g. do#, reb, fa#, sib). Do NOT include the octave. Reply with ONLY the syllable and accidental (if needed). Nothing else. Output only the answer.","Listen to this audio clip of a single musical note. The recording may have been sped up or slowed down. Identify the PITCH of the note as it sounds in the audio. What is the main pitch frequency, expressed in Hertz? Reply with ONLY a number (the frequency in Hz). Nothing else. Output only the answer."
stretch_2x,stretch,2.0,36,C2,flute,instrument,36,19,0,0,0,0,C2,C2,1,1,1,do,sol#,0,0,1,19,C2,sol#,523.2,/home/hsnu2/PitchBench/data/analysis_audio/pitchbench_e4_time_stretching/C2_flute_3000ms_stretch_2p00x.wav,C2_flute_3000ms_stretch_2p00x.wav,Listen to this audio clip of a single musical note. The recording may have been sped up or slowed down. Identify the PITCH of the note as it sounds in the audio. What is the MIDI note number (an integer from 0 to 127)? Reply with ONLY the integer. Nothing else. Output only the answer.,"Listen to this audio clip of a single musical note. The recording may have been sped up or slowed down. Identify the PITCH of the note as it sounds in the audio. What is the note name and octave? Reply with ONLY the note name in Scientific Pitch Notation (e.g. C4, F#3, Bb5). Nothing else. Output only the answer.","Listen to this audio clip of a single musical note. The recording may have been sped up or slowed down. Identify the PITCH of the note as it sounds in the audio. What is the solfege syllable and accidental (if needed) of this pitch? Use fixed-do (do=C, re=D, mi=E, fa=F, sol=G, la=A, si=B). Include sharps or flats when needed (e.g. do#, reb, fa#, sib). Do NOT include the octave. Reply with ONLY the syllable and accidental (if needed). Nothing else. Output only the answer.","Listen to this audio clip of a single musical note. The recording may have been sped up or slowed down. Identify the PITCH of the note as it sounds in the audio. What is the main pitch frequency, expressed in Hertz? Reply with ONLY a number (the frequency in Hz). Nothing else. Output only the answer."
stretch_2x,stretch,2.0,43,G2,flute,instrument,43,31,0,0,1,0,G2,C2,0,0,1,sol,sol#,0,0,0,31,C2,sol#,65.41,/home/hsnu2/PitchBench/data/analysis_audio/pitchbench_e4_time_stretching/G2_flute_3000ms_stretch_2p00x.wav,G2_flute_3000ms_stretch_2p00x.wav,Listen to this audio clip of a single musical note. The recording may have been sped up or slowed down. Identify the PITCH of the note as it sounds in the audio. What is the MIDI note number (an integer from 0 to 127)? Reply with ONLY the integer. Nothing else. Output only the answer.,"Listen to this audio clip of a single musical note. The recording may have been sped up or slowed down. Identify the PITCH of the note as it sounds in the audio. What is the note name and octave? Reply with ONLY the note name in Scientific Pitch Notation (e.g. C4, F#3, Bb5). Nothing else. Output only the answer.","Listen to this audio clip of a single musical note. The recording may have been sped up or slowed down. Identify the PITCH of the note as it sounds in the audio. What is the solfege syllable and accidental (if needed) of this pitch? Use fixed-do (do=C, re=D, mi=E, fa=F, sol=G, la=A, si=B). Include sharps or flats when needed (e.g. do#, reb, fa#, sib). Do NOT include the octave. Reply with ONLY the syllable and accidental (if needed). Nothing else. Output only the answer.","Listen to this audio clip of a single musical note. The recording may have been sped up or slowed down. Identify the PITCH of the note as it sounds in the audio. What is the main pitch frequency, expressed in Hertz? Reply with ONLY a number (the frequency in Hz). Nothing else. Output only the answer."
stretch_2x,stretch,2.0,48,C3,flute,instrument,48,31,0,0,0,0,C3,F1,0,0,0,do,,0,0,0,31,F1,Listen to the audio,87.31,/home/hsnu2/PitchBench/data/analysis_audio/pitchbench_e4_time_stretching/C3_flute_3000ms_stretch_2p00x.wav,C3_flute_3000ms_stretch_2p00x.wav,Listen to this audio clip of a single musical note. The recording may have been sped up or slowed down. Identify the PITCH of the note as it sounds in the audio. What is the MIDI note number (an integer from 0 to 127)? Reply with ONLY the integer. Nothing else. Output only the answer.,"Listen to this audio clip of a single musical note. The recording may have been sped up or slowed down. Identify the PITCH of the note as it sounds in the audio. What is the note name and octave? Reply with ONLY the note name in Scientific Pitch Notation (e.g. C4, F#3, Bb5). Nothing else. Output only the answer.","Listen to this audio clip of a single musical note. The recording may have been sped up or slowed down. Identify the PITCH of the note as it sounds in the audio. What is the solfege syllable and accidental (if needed) of this pitch? Use fixed-do (do=C, re=D, mi=E, fa=F, sol=G, la=A, si=B). Include sharps or flats when needed (e.g. do#, reb, fa#, sib). Do NOT include the octave. Reply with ONLY the syllable and accidental (if needed). Nothing else. Output only the answer.","Listen to this audio clip of a single musical note. The recording may have been sped up or slowed down. Identify the PITCH of the note as it sounds in the audio. What is the main pitch frequency, expressed in Hertz? Reply with ONLY a number (the frequency in Hz). Nothing else. Output only the answer."
stretch_2x,stretch,2.0,54,F#3,flute,instrument,54,,0,0,0,0,F#3,F2,0,0,0,fa#,fa#,1,0,0,I cannot,F2,fa#,139.6,/home/hsnu2/PitchBench/data/analysis_audio/pitchbench_e4_time_stretching/Fs3_flute_3000ms_stretch_2p00x.wav,Fs3_flute_3000ms_stretch_2p00x.wav,Listen to this audio clip of a single musical note. The recording may have been sped up or slowed down. Identify the PITCH of the note as it sounds in the audio. What is the MIDI note number (an integer from 0 to 127)? Reply with ONLY the integer. Nothing else. Output only the answer.,"Listen to this audio clip of a single musical note. The recording may have been sped up or slowed down. Identify the PITCH of the note as it sounds in the audio. What is the note name and octave? Reply with ONLY the note name in Scientific Pitch Notation (e.g. C4, F#3, Bb5). Nothing else. Output only the answer.","Listen to this audio clip of a single musical note. The recording may have been sped up or slowed down. Identify the PITCH of the note as it sounds in the audio. What is the solfege syllable and accidental (if needed) of this pitch? Use fixed-do (do=C, re=D, mi=E, fa=F, sol=G, la=A, si=B). Include sharps or flats when needed (e.g. do#, reb, fa#, sib). Do NOT include the octave. Reply with ONLY the syllable and accidental (if needed). Nothing else. Output only the answer.","Listen to this audio clip of a single musical note. The recording may have been sped up or slowed down. Identify the PITCH of the note as it sounds in the audio. What is the main pitch frequency, expressed in Hertz? Reply with ONLY a number (the frequency in Hz). Nothing else. Output only the answer."
stretch_2x,stretch,2.0,58,A#3,flute,instrument,58,41,0,0,0,0,A#3,F1,0,0,0,la#,sol#,0,0,0,41,F1,sol#,87.3,/home/hsnu2/PitchBench/data/analysis_audio/pitchbench_e4_time_stretching/As3_flute_3000ms_stretch_2p00x.wav,As3_flute_3000ms_stretch_2p00x.wav,Listen to this audio clip of a single musical note. The recording may have been sped up or slowed down. Identify the PITCH of the note as it sounds in the audio. What is the MIDI note number (an integer from 0 to 127)? Reply with ONLY the integer. Nothing else. Output only the answer.,"Listen to this audio clip of a single musical note. The recording may have been sped up or slowed down. Identify the PITCH of the note as it sounds in the audio. What is the note name and octave? Reply with ONLY the note name in Scientific Pitch Notation (e.g. C4, F#3, Bb5). Nothing else. Output only the answer.","Listen to this audio clip of a single musical note. The recording may have been sped up or slowed down. Identify the PITCH of the note as it sounds in the audio. What is the solfege syllable and accidental (if needed) of this pitch? Use fixed-do (do=C, re=D, mi=E, fa=F, sol=G, la=A, si=B). Include sharps or flats when needed (e.g. do#, reb, fa#, sib). Do NOT include the octave. Reply with ONLY the syllable and accidental (if needed). Nothing else. Output only the answer.","Listen to this audio clip of a single musical note. The recording may have been sped up or slowed down. Identify the PITCH of the note as it sounds in the audio. What is the main pitch frequency, expressed in Hertz? Reply with ONLY a number (the frequency in Hz). Nothing else. Output only the answer."
stretch_2x,stretch,2.0,60,C4,flute,instrument,60,41,0,0,0,0,C4,F#5,0,0,0,do,,0,0,0,41,F#5,:,87.3,/home/hsnu2/PitchBench/data/analysis_audio/pitchbench_e4_time_stretching/C4_flute_3000ms_stretch_2p00x.wav,C4_flute_3000ms_stretch_2p00x.wav,Listen to this audio clip of a single musical note. The recording may have been sped up or slowed down. Identify the PITCH of the note as it sounds in the audio. What is the MIDI note number (an integer from 0 to 127)? Reply with ONLY the integer. Nothing else. Output only the answer.,"Listen to this audio clip of a single musical note. The recording may have been sped up or slowed down. Identify the PITCH of the note as it sounds in the audio. What is the note name and octave? Reply with ONLY the note name in Scientific Pitch Notation (e.g. C4, F#3, Bb5). Nothing else. Output only the answer.","Listen to this audio clip of a single musical note. The recording may have been sped up or slowed down. Identify the PITCH of the note as it sounds in the audio. What is the solfege syllable and accidental (if needed) of this pitch? Use fixed-do (do=C, re=D, mi=E, fa=F, sol=G, la=A, si=B). Include sharps or flats when needed (e.g. do#, reb, fa#, sib). Do NOT include the octave. Reply with ONLY the syllable and accidental (if needed). Nothing else. Output only the answer.","Listen to this audio clip of a single musical note. The recording may have been sped up or slowed down. Identify the PITCH of the note as it sounds in the audio. What is the main pitch frequency, expressed in Hertz? Reply with ONLY a number (the frequency in Hz). Nothing else. Output only the answer."
stretch_2x,stretch,2.0,64,E4,flute,instrument,64,101,0,0,0,0,E4,F#6,0,0,0,mi,do#,0,0,0,101,F#6,do#,104,/home/hsnu2/PitchBench/data/analysis_audio/pitchbench_e4_time_stretching/E4_flute_3000ms_stretch_2p00x.wav,E4_flute_3000ms_stretch_2p00x.wav,Listen to this audio clip of a single musical note. The recording may have been sped up or slowed down. Identify the PITCH of the note as it sounds in the audio. What is the MIDI note number (an integer from 0 to 127)? Reply with ONLY the integer. Nothing else. Output only the answer.,"Listen to this audio clip of a single musical note. The recording may have been sped up or slowed down. Identify the PITCH of the note as it sounds in the audio. What is the note name and octave? Reply with ONLY the note name in Scientific Pitch Notation (e.g. C4, F#3, Bb5). Nothing else. Output only the answer.","Listen to this audio clip of a single musical note. The recording may have been sped up or slowed down. Identify the PITCH of the note as it sounds in the audio. What is the solfege syllable and accidental (if needed) of this pitch? Use fixed-do (do=C, re=D, mi=E, fa=F, sol=G, la=A, si=B). Include sharps or flats when needed (e.g. do#, reb, fa#, sib). Do NOT include the octave. Reply with ONLY the syllable and accidental (if needed). Nothing else. Output only the answer.","Listen to this audio clip of a single musical note. The recording may have been sped up or slowed down. Identify the PITCH of the note as it sounds in the audio. What is the main pitch frequency, expressed in Hertz? Reply with ONLY a number (the frequency in Hz). Nothing else. Output only the answer."
stretch_2x,stretch,2.0,67,G4,flute,instrument,67,67,1,1,1,1,G4,C#7,0,0,0,sol,sol#,0,0,1,67,C#7,sol#,104,/home/hsnu2/PitchBench/data/analysis_audio/pitchbench_e4_time_stretching/G4_flute_3000ms_stretch_2p00x.wav,G4_flute_3000ms_stretch_2p00x.wav,Listen to this audio clip of a single musical note. The recording may have been sped up or slowed down. Identify the PITCH of the note as it sounds in the audio. What is the MIDI note number (an integer from 0 to 127)? Reply with ONLY the integer. Nothing else. Output only the answer.,"Listen to this audio clip of a single musical note. The recording may have been sped up or slowed down. Identify the PITCH of the note as it sounds in the audio. What is the note name and octave? Reply with ONLY the note name in Scientific Pitch Notation (e.g. C4, F#3, Bb5). Nothing else. Output only the answer.","Listen to this audio clip of a single musical note. The recording may have been sped up or slowed down. Identify the PITCH of the note as it sounds in the audio. What is the solfege syllable and accidental (if needed) of this pitch? Use fixed-do (do=C, re=D, mi=E, fa=F, sol=G, la=A, si=B). Include sharps or flats when needed (e.g. do#, reb, fa#, sib). Do NOT include the octave. Reply with ONLY the syllable and accidental (if needed). Nothing else. Output only the answer.","Listen to this audio clip of a single musical note. The recording may have been sped up or slowed down. Identify the PITCH of the note as it sounds in the audio. What is the main pitch frequency, expressed in Hertz? Reply with ONLY a number (the frequency in Hz). Nothing else. Output only the answer."
stretch_2x,stretch,2.0,69,A4,flute,instrument,69,89,0,0,0,0,A4,F#5,0,0,0,la,sol#,0,0,0,89,F#5,sol#,10,/home/hsnu2/PitchBench/data/analysis_audio/pitchbench_e4_time_stretching/A4_flute_3000ms_stretch_2p00x.wav,A4_flute_3000ms_stretch_2p00x.wav,Listen to this audio clip of a single musical note. The recording may have been sped up or slowed down. Identify the PITCH of the note as it sounds in the audio. What is the MIDI note number (an integer from 0 to 127)? Reply with ONLY the integer. Nothing else. Output only the answer.,"Listen to this audio clip of a single musical note. The recording may have been sped up or slowed down. Identify the PITCH of the note as it sounds in the audio. What is the note name and octave? Reply with ONLY the note name in Scientific Pitch Notation (e.g. C4, F#3, Bb5). Nothing else. Output only the answer.","Listen to this audio clip of a single musical note. The recording may have been sped up or slowed down. Identify the PITCH of the note as it sounds in the audio. What is the solfege syllable and accidental (if needed) of this pitch? Use fixed-do (do=C, re=D, mi=E, fa=F, sol=G, la=A, si=B). Include sharps or flats when needed (e.g. do#, reb, fa#, sib). Do NOT include the octave. Reply with ONLY the syllable and accidental (if needed). Nothing else. Output only the answer.","Listen to this audio clip of a single musical note. The recording may have been sped up or slowed down. Identify the PITCH of the note as it sounds in the audio. What is the main pitch frequency, expressed in Hertz? Reply with ONLY a number (the frequency in Hz). Nothing else. Output only the answer."
stretch_2x,stretch,2.0,72,C5,flute,instrument,72,10,0,0,0,0,C5,C6,0,1,0,do,sol#,0,0,0,10,C6,sol#,1,/home/hsnu2/PitchBench/data/analysis_audio/pitchbench_e4_time_stretching/C5_flute_3000ms_stretch_2p00x.wav,C5_flute_3000ms_stretch_2p00x.wav,Listen to this audio clip of a single musical note. The recording may have been sped up or slowed down. Identify the PITCH of the note as it sounds in the audio. What is the MIDI note number (an integer from 0 to 127)? Reply with ONLY the integer. Nothing else. Output only the answer.,"Listen to this audio clip of a single musical note. The recording may have been sped up or slowed down. Identify the PITCH of the note as it sounds in the audio. What is the note name and octave? Reply with ONLY the note name in Scientific Pitch Notation (e.g. C4, F#3, Bb5). Nothing else. Output only the answer.","Listen to this audio clip of a single musical note. The recording may have been sped up or slowed down. Identify the PITCH of the note as it sounds in the audio. What is the solfege syllable and accidental (if needed) of this pitch? Use fixed-do (do=C, re=D, mi=E, fa=F, sol=G, la=A, si=B). Include sharps or flats when needed (e.g. do#, reb, fa#, sib). Do NOT include the octave. Reply with ONLY the syllable and accidental (if needed). Nothing else. Output only the answer.","Listen to this audio clip of a single musical note. The recording may have been sped up or slowed down. Identify the PITCH of the note as it sounds in the audio. What is the main pitch frequency, expressed in Hertz? Reply with ONLY a number (the frequency in Hz). Nothing else. Output only the answer."
stretch_2x,stretch,2.0,77,F5,flute,instrument,77,,0,0,0,0,F5,F6,0,1,0,fa,sol#,0,0,0,*: Since I,F6,sol#,110,/home/hsnu2/PitchBench/data/analysis_audio/pitchbench_e4_time_stretching/F5_flute_3000ms_stretch_2p00x.wav,F5_flute_3000ms_stretch_2p00x.wav,Listen to this audio clip of a single musical note. The recording may have been sped up or slowed down. Identify the PITCH of the note as it sounds in the audio. What is the MIDI note number (an integer from 0 to 127)? Reply with ONLY the integer. Nothing else. Output only the answer.,"Listen to this audio clip of a single musical note. The recording may have been sped up or slowed down. Identify the PITCH of the note as it sounds in the audio. What is the note name and octave? Reply with ONLY the note name in Scientific Pitch Notation (e.g. C4, F#3, Bb5). Nothing else. Output only the answer.","Listen to this audio clip of a single musical note. The recording may have been sped up or slowed down. Identify the PITCH of the note as it sounds in the audio. What is the solfege syllable and accidental (if needed) of this pitch? Use fixed-do (do=C, re=D, mi=E, fa=F, sol=G, la=A, si=B). Include sharps or flats when needed (e.g. do#, reb, fa#, sib). Do NOT include the octave. Reply with ONLY the syllable and accidental (if needed). Nothing else. Output only the answer.","Listen to this audio clip of a single musical note. The recording may have been sped up or slowed down. Identify the PITCH of the note as it sounds in the audio. What is the main pitch frequency, expressed in Hertz? Reply with ONLY a number (the frequency in Hz). Nothing else. Output only the answer."
stretch_2x,stretch,2.0,84,C6,flute,instrument,84,103,0,0,0,0,C6,F#6,0,0,1,do,sol#,0,0,0,103,F#6,sol#,104,/home/hsnu2/PitchBench/data/analysis_audio/pitchbench_e4_time_stretching/C6_flute_3000ms_stretch_2p00x.wav,C6_flute_3000ms_stretch_2p00x.wav,Listen to this audio clip of a single musical note. The recording may have been sped up or slowed down. Identify the PITCH of the note as it sounds in the audio. What is the MIDI note number (an integer from 0 to 127)? Reply with ONLY the integer. Nothing else. Output only the answer.,"Listen to this audio clip of a single musical note. The recording may have been sped up or slowed down. Identify the PITCH of the note as it sounds in the audio. What is the note name and octave? Reply with ONLY the note name in Scientific Pitch Notation (e.g. C4, F#3, Bb5). Nothing else. Output only the answer.","Listen to this audio clip of a single musical note. The recording may have been sped up or slowed down. Identify the PITCH of the note as it sounds in the audio. What is the solfege syllable and accidental (if needed) of this pitch? Use fixed-do (do=C, re=D, mi=E, fa=F, sol=G, la=A, si=B). Include sharps or flats when needed (e.g. do#, reb, fa#, sib). Do NOT include the octave. Reply with ONLY the syllable and accidental (if needed). Nothing else. Output only the answer.","Listen to this audio clip of a single musical note. The recording may have been sped up or slowed down. Identify the PITCH of the note as it sounds in the audio. What is the main pitch frequency, expressed in Hertz? Reply with ONLY a number (the frequency in Hz). Nothing else. Output only the answer."
resample_0.5x,resample,0.5,36,C2,piano,instrument,48,63,0,0,0,0,C3,F#4,0,0,0,do,sol#,0,0,0,63,F#4,sol#,Listen to the audio* (,/home/hsnu2/PitchBench/data/analysis_audio/pitchbench_e4_time_stretching/C2_piano_3000ms_resample_0p50x.wav,C2_piano_3000ms_resample_0p50x.wav,Listen to this audio clip of a single musical note. The recording may have been sped up or slowed down. Identify the PITCH of the note as it sounds in the audio. What is the MIDI note number (an integer from 0 to 127)? Reply with ONLY the integer. Nothing else. Output only the answer.,"Listen to this audio clip of a single musical note. The recording may have been sped up or slowed down. Identify the PITCH of the note as it sounds in the audio. What is the note name and octave? Reply with ONLY the note name in Scientific Pitch Notation (e.g. C4, F#3, Bb5). Nothing else. Output only the answer.","Listen to this audio clip of a single musical note. The recording may have been sped up or slowed down. Identify the PITCH of the note as it sounds in the audio. What is the solfege syllable and accidental (if needed) of this pitch? Use fixed-do (do=C, re=D, mi=E, fa=F, sol=G, la=A, si=B). Include sharps or flats when needed (e.g. do#, reb, fa#, sib). Do NOT include the octave. Reply with ONLY the syllable and accidental (if needed). Nothing else. Output only the answer.","Listen to this audio clip of a single musical note. The recording may have been sped up or slowed down. Identify the PITCH of the note as it sounds in the audio. What is the main pitch frequency, expressed in Hertz? Reply with ONLY a number (the frequency in Hz). Nothing else. Output only the answer."
resample_0.5x,resample,0.5,43,G2,piano,instrument,55,67,0,0,1,0,G3,G5,0,1,0,sol,,0,0,0,67,G5,:,1174,/home/hsnu2/PitchBench/data/analysis_audio/pitchbench_e4_time_stretching/G2_piano_3000ms_resample_0p50x.wav,G2_piano_3000ms_resample_0p50x.wav,Listen to this audio clip of a single musical note. The recording may have been sped up or slowed down. Identify the PITCH of the note as it sounds in the audio. What is the MIDI note number (an integer from 0 to 127)? Reply with ONLY the integer. Nothing else. Output only the answer.,"Listen to this audio clip of a single musical note. The recording may have been sped up or slowed down. Identify the PITCH of the note as it sounds in the audio. What is the note name and octave? Reply with ONLY the note name in Scientific Pitch Notation (e.g. C4, F#3, Bb5). Nothing else. Output only the answer.","Listen to this audio clip of a single musical note. The recording may have been sped up or slowed down. Identify the PITCH of the note as it sounds in the audio. What is the solfege syllable and accidental (if needed) of this pitch? Use fixed-do (do=C, re=D, mi=E, fa=F, sol=G, la=A, si=B). Include sharps or flats when needed (e.g. do#, reb, fa#, sib). Do NOT include the octave. Reply with ONLY the syllable and accidental (if needed). Nothing else. Output only the answer.","Listen to this audio clip of a single musical note. The recording may have been sped up or slowed down. Identify the PITCH of the note as it sounds in the audio. What is the main pitch frequency, expressed in Hertz? Reply with ONLY a number (the frequency in Hz). Nothing else. Output only the answer."
resample_0.5x,resample,0.5,48,C3,piano,instrument,60,,0,0,0,0,C4,C5,0,1,0,do,sol#,0,0,0,pitch estimation:*,C5,sol#,523.,/home/hsnu2/PitchBench/data/analysis_audio/pitchbench_e4_time_stretching/C3_piano_3000ms_resample_0p50x.wav,C3_piano_3000ms_resample_0p50x.wav,Listen to this audio clip of a single musical note. The recording may have been sped up or slowed down. Identify the PITCH of the note as it sounds in the audio. What is the MIDI note number (an integer from 0 to 127)? Reply with ONLY the integer. Nothing else. Output only the answer.,"Listen to this audio clip of a single musical note. The recording may have been sped up or slowed down. Identify the PITCH of the note as it sounds in the audio. What is the note name and octave? Reply with ONLY the note name in Scientific Pitch Notation (e.g. C4, F#3, Bb5). Nothing else. Output only the answer.","Listen to this audio clip of a single musical note. The recording may have been sped up or slowed down. Identify the PITCH of the note as it sounds in the audio. What is the solfege syllable and accidental (if needed) of this pitch? Use fixed-do (do=C, re=D, mi=E, fa=F, sol=G, la=A, si=B). Include sharps or flats when needed (e.g. do#, reb, fa#, sib). Do NOT include the octave. Reply with ONLY the syllable and accidental (if needed). Nothing else. Output only the answer.","Listen to this audio clip of a single musical note. The recording may have been sped up or slowed down. Identify the PITCH of the note as it sounds in the audio. What is the main pitch frequency, expressed in Hertz? Reply with ONLY a number (the frequency in Hz). Nothing else. Output only the answer."
resample_0.5x,resample,0.5,54,F#3,piano,instrument,66,42,0,0,1,0,F#4,F#4,1,1,1,fa#,sol#,0,0,1,42,F#4,sol#,92.50,/home/hsnu2/PitchBench/data/analysis_audio/pitchbench_e4_time_stretching/Fs3_piano_3000ms_resample_0p50x.wav,Fs3_piano_3000ms_resample_0p50x.wav,Listen to this audio clip of a single musical note. The recording may have been sped up or slowed down. Identify the PITCH of the note as it sounds in the audio. What is the MIDI note number (an integer from 0 to 127)? Reply with ONLY the integer. Nothing else. Output only the answer.,"Listen to this audio clip of a single musical note. The recording may have been sped up or slowed down. Identify the PITCH of the note as it sounds in the audio. What is the note name and octave? Reply with ONLY the note name in Scientific Pitch Notation (e.g. C4, F#3, Bb5). Nothing else. Output only the answer.","Listen to this audio clip of a single musical note. The recording may have been sped up or slowed down. Identify the PITCH of the note as it sounds in the audio. What is the solfege syllable and accidental (if needed) of this pitch? Use fixed-do (do=C, re=D, mi=E, fa=F, sol=G, la=A, si=B). Include sharps or flats when needed (e.g. do#, reb, fa#, sib). Do NOT include the octave. Reply with ONLY the syllable and accidental (if needed). Nothing else. Output only the answer.","Listen to this audio clip of a single musical note. The recording may have been sped up or slowed down. Identify the PITCH of the note as it sounds in the audio. What is the main pitch frequency, expressed in Hertz? Reply with ONLY a number (the frequency in Hz). Nothing else. Output only the answer."
resample_0.5x,resample,0.5,58,A#3,piano,instrument,70,55,0,0,0,0,A#4,F#3,0,0,0,la#,la#,1,0,0,55,F#3,sib,311.13,/home/hsnu2/PitchBench/data/analysis_audio/pitchbench_e4_time_stretching/As3_piano_3000ms_resample_0p50x.wav,As3_piano_3000ms_resample_0p50x.wav,Listen to this audio clip of a single musical note. The recording may have been sped up or slowed down. Identify the PITCH of the note as it sounds in the audio. What is the MIDI note number (an integer from 0 to 127)? Reply with ONLY the integer. Nothing else. Output only the answer.,"Listen to this audio clip of a single musical note. The recording may have been sped up or slowed down. Identify the PITCH of the note as it sounds in the audio. What is the note name and octave? Reply with ONLY the note name in Scientific Pitch Notation (e.g. C4, F#3, Bb5). Nothing else. Output only the answer.","Listen to this audio clip of a single musical note. The recording may have been sped up or slowed down. Identify the PITCH of the note as it sounds in the audio. What is the solfege syllable and accidental (if needed) of this pitch? Use fixed-do (do=C, re=D, mi=E, fa=F, sol=G, la=A, si=B). Include sharps or flats when needed (e.g. do#, reb, fa#, sib). Do NOT include the octave. Reply with ONLY the syllable and accidental (if needed). Nothing else. Output only the answer.","Listen to this audio clip of a single musical note. The recording may have been sped up or slowed down. Identify the PITCH of the note as it sounds in the audio. What is the main pitch frequency, expressed in Hertz? Reply with ONLY a number (the frequency in Hz). Nothing else. Output only the answer."
resample_0.5x,resample,0.5,60,C4,piano,instrument,72,41,0,0,0,0,C5,C5,1,1,1,do,sol#,0,0,1,41,C5,sol#,1046,/home/hsnu2/PitchBench/data/analysis_audio/pitchbench_e4_time_stretching/C4_piano_3000ms_resample_0p50x.wav,C4_piano_3000ms_resample_0p50x.wav,Listen to this audio clip of a single musical note. The recording may have been sped up or slowed down. Identify the PITCH of the note as it sounds in the audio. What is the MIDI note number (an integer from 0 to 127)? Reply with ONLY the integer. Nothing else. Output only the answer.,"Listen to this audio clip of a single musical note. The recording may have been sped up or slowed down. Identify the PITCH of the note as it sounds in the audio. What is the note name and octave? Reply with ONLY the note name in Scientific Pitch Notation (e.g. C4, F#3, Bb5). Nothing else. Output only the answer.","Listen to this audio clip of a single musical note. The recording may have been sped up or slowed down. Identify the PITCH of the note as it sounds in the audio. What is the solfege syllable and accidental (if needed) of this pitch? Use fixed-do (do=C, re=D, mi=E, fa=F, sol=G, la=A, si=B). Include sharps or flats when needed (e.g. do#, reb, fa#, sib). Do NOT include the octave. Reply with ONLY the syllable and accidental (if needed). Nothing else. Output only the answer.","Listen to this audio clip of a single musical note. The recording may have been sped up or slowed down. Identify the PITCH of the note as it sounds in the audio. What is the main pitch frequency, expressed in Hertz? Reply with ONLY a number (the frequency in Hz). Nothing else. Output only the answer."
resample_0.5x,resample,0.5,64,E4,piano,instrument,76,64,0,0,1,0,E5,E5,1,1,1,mi,sol#,0,0,1,64,E5,sol#,1046.5,/home/hsnu2/PitchBench/data/analysis_audio/pitchbench_e4_time_stretching/E4_piano_3000ms_resample_0p50x.wav,E4_piano_3000ms_resample_0p50x.wav,Listen to this audio clip of a single musical note. The recording may have been sped up or slowed down. Identify the PITCH of the note as it sounds in the audio. What is the MIDI note number (an integer from 0 to 127)? Reply with ONLY the integer. Nothing else. Output only the answer.,"Listen to this audio clip of a single musical note. The recording may have been sped up or slowed down. Identify the PITCH of the note as it sounds in the audio. What is the note name and octave? Reply with ONLY the note name in Scientific Pitch Notation (e.g. C4, F#3, Bb5). Nothing else. Output only the answer.","Listen to this audio clip of a single musical note. The recording may have been sped up or slowed down. Identify the PITCH of the note as it sounds in the audio. What is the solfege syllable and accidental (if needed) of this pitch? Use fixed-do (do=C, re=D, mi=E, fa=F, sol=G, la=A, si=B). Include sharps or flats when needed (e.g. do#, reb, fa#, sib). Do NOT include the octave. Reply with ONLY the syllable and accidental (if needed). Nothing else. Output only the answer.","Listen to this audio clip of a single musical note. The recording may have been sped up or slowed down. Identify the PITCH of the note as it sounds in the audio. What is the main pitch frequency, expressed in Hertz? Reply with ONLY a number (the frequency in Hz). Nothing else. Output only the answer."
resample_0.5x,resample,0.5,67,G4,piano,instrument,79,79,1,1,1,1,G5,F#6,0,0,0,sol,sol#,0,0,1,79,F#6,sol#,1108,/home/hsnu2/PitchBench/data/analysis_audio/pitchbench_e4_time_stretching/G4_piano_3000ms_resample_0p50x.wav,G4_piano_3000ms_resample_0p50x.wav,Listen to this audio clip of a single musical note. The recording may have been sped up or slowed down. Identify the PITCH of the note as it sounds in the audio. What is the MIDI note number (an integer from 0 to 127)? Reply with ONLY the integer. Nothing else. Output only the answer.,"Listen to this audio clip of a single musical note. The recording may have been sped up or slowed down. Identify the PITCH of the note as it sounds in the audio. What is the note name and octave? Reply with ONLY the note name in Scientific Pitch Notation (e.g. C4, F#3, Bb5). Nothing else. Output only the answer.","Listen to this audio clip of a single musical note. The recording may have been sped up or slowed down. Identify the PITCH of the note as it sounds in the audio. What is the solfege syllable and accidental (if needed) of this pitch? Use fixed-do (do=C, re=D, mi=E, fa=F, sol=G, la=A, si=B). Include sharps or flats when needed (e.g. do#, reb, fa#, sib). Do NOT include the octave. Reply with ONLY the syllable and accidental (if needed). Nothing else. Output only the answer.","Listen to this audio clip of a single musical note. The recording may have been sped up or slowed down. Identify the PITCH of the note as it sounds in the audio. What is the main pitch frequency, expressed in Hertz? Reply with ONLY a number (the frequency in Hz). Nothing else. Output only the answer."
resample_0.5x,resample,0.5,69,A4,piano,instrument,81,,0,0,0,0,A5,A5,1,1,1,la,sol#,0,0,1,(C4,A5,sol#,104,/home/hsnu2/PitchBench/data/analysis_audio/pitchbench_e4_time_stretching/A4_piano_3000ms_resample_0p50x.wav,A4_piano_3000ms_resample_0p50x.wav,Listen to this audio clip of a single musical note. The recording may have been sped up or slowed down. Identify the PITCH of the note as it sounds in the audio. What is the MIDI note number (an integer from 0 to 127)? Reply with ONLY the integer. Nothing else. Output only the answer.,"Listen to this audio clip of a single musical note. The recording may have been sped up or slowed down. Identify the PITCH of the note as it sounds in the audio. What is the note name and octave? Reply with ONLY the note name in Scientific Pitch Notation (e.g. C4, F#3, Bb5). Nothing else. Output only the answer.","Listen to this audio clip of a single musical note. The recording may have been sped up or slowed down. Identify the PITCH of the note as it sounds in the audio. What is the solfege syllable and accidental (if needed) of this pitch? Use fixed-do (do=C, re=D, mi=E, fa=F, sol=G, la=A, si=B). Include sharps or flats when needed (e.g. do#, reb, fa#, sib). Do NOT include the octave. Reply with ONLY the syllable and accidental (if needed). Nothing else. Output only the answer.","Listen to this audio clip of a single musical note. The recording may have been sped up or slowed down. Identify the PITCH of the note as it sounds in the audio. What is the main pitch frequency, expressed in Hertz? Reply with ONLY a number (the frequency in Hz). Nothing else. Output only the answer."
resample_0.5x,resample,0.5,72,C5,piano,instrument,84,88,0,0,0,1,C6,C6,1,1,1,do,sol#,0,0,1,88,C6,sol#,10,/home/hsnu2/PitchBench/data/analysis_audio/pitchbench_e4_time_stretching/C5_piano_3000ms_resample_0p50x.wav,C5_piano_3000ms_resample_0p50x.wav,Listen to this audio clip of a single musical note. The recording may have been sped up or slowed down. Identify the PITCH of the note as it sounds in the audio. What is the MIDI note number (an integer from 0 to 127)? Reply with ONLY the integer. Nothing else. Output only the answer.,"Listen to this audio clip of a single musical note. The recording may have been sped up or slowed down. Identify the PITCH of the note as it sounds in the audio. What is the note name and octave? Reply with ONLY the note name in Scientific Pitch Notation (e.g. C4, F#3, Bb5). Nothing else. Output only the answer.","Listen to this audio clip of a single musical note. The recording may have been sped up or slowed down. Identify the PITCH of the note as it sounds in the audio. What is the solfege syllable and accidental (if needed) of this pitch? Use fixed-do (do=C, re=D, mi=E, fa=F, sol=G, la=A, si=B). Include sharps or flats when needed (e.g. do#, reb, fa#, sib). Do NOT include the octave. Reply with ONLY the syllable and accidental (if needed). Nothing else. Output only the answer.","Listen to this audio clip of a single musical note. The recording may have been sped up or slowed down. Identify the PITCH of the note as it sounds in the audio. What is the main pitch frequency, expressed in Hertz? Reply with ONLY a number (the frequency in Hz). Nothing else. Output only the answer."
resample_0.5x,resample,0.5,77,F5,piano,instrument,89,61,0,0,0,0,F6,F#5,0,0,0,fa,sol#,0,0,0,61,F#5,sol#,110,/home/hsnu2/PitchBench/data/analysis_audio/pitchbench_e4_time_stretching/F5_piano_3000ms_resample_0p50x.wav,F5_piano_3000ms_resample_0p50x.wav,Listen to this audio clip of a single musical note. The recording may have been sped up or slowed down. Identify the PITCH of the note as it sounds in the audio. What is the MIDI note number (an integer from 0 to 127)? Reply with ONLY the integer. Nothing else. Output only the answer.,"Listen to this audio clip of a single musical note. The recording may have been sped up or slowed down. Identify the PITCH of the note as it sounds in the audio. What is the note name and octave? Reply with ONLY the note name in Scientific Pitch Notation (e.g. C4, F#3, Bb5). Nothing else. Output only the answer.","Listen to this audio clip of a single musical note. The recording may have been sped up or slowed down. Identify the PITCH of the note as it sounds in the audio. What is the solfege syllable and accidental (if needed) of this pitch? Use fixed-do (do=C, re=D, mi=E, fa=F, sol=G, la=A, si=B). Include sharps or flats when needed (e.g. do#, reb, fa#, sib). Do NOT include the octave. Reply with ONLY the syllable and accidental (if needed). Nothing else. Output only the answer.","Listen to this audio clip of a single musical note. The recording may have been sped up or slowed down. Identify the PITCH of the note as it sounds in the audio. What is the main pitch frequency, expressed in Hertz? Reply with ONLY a number (the frequency in Hz). Nothing else. Output only the answer."
resample_0.5x,resample,0.5,84,C6,piano,instrument,96,36,0,0,1,0,C7,F#4,0,0,0,do,sol#,0,0,0,36,F#4,sol#,1046.5,/home/hsnu2/PitchBench/data/analysis_audio/pitchbench_e4_time_stretching/C6_piano_3000ms_resample_0p50x.wav,C6_piano_3000ms_resample_0p50x.wav,Listen to this audio clip of a single musical note. The recording may have been sped up or slowed down. Identify the PITCH of the note as it sounds in the audio. What is the MIDI note number (an integer from 0 to 127)? Reply with ONLY the integer. Nothing else. Output only the answer.,"Listen to this audio clip of a single musical note. The recording may have been sped up or slowed down. Identify the PITCH of the note as it sounds in the audio. What is the note name and octave? Reply with ONLY the note name in Scientific Pitch Notation (e.g. C4, F#3, Bb5). Nothing else. Output only the answer.","Listen to this audio clip of a single musical note. The recording may have been sped up or slowed down. Identify the PITCH of the note as it sounds in the audio. What is the solfege syllable and accidental (if needed) of this pitch? Use fixed-do (do=C, re=D, mi=E, fa=F, sol=G, la=A, si=B). Include sharps or flats when needed (e.g. do#, reb, fa#, sib). Do NOT include the octave. Reply with ONLY the syllable and accidental (if needed). Nothing else. Output only the answer.","Listen to this audio clip of a single musical note. The recording may have been sped up or slowed down. Identify the PITCH of the note as it sounds in the audio. What is the main pitch frequency, expressed in Hertz? Reply with ONLY a number (the frequency in Hz). Nothing else. Output only the answer."
resample_2x,resample,2.0,36,C2,piano,instrument,24,43,0,0,0,0,C1,C2,0,1,0,do,,0,0,0,43,C2,:,65.4,/home/hsnu2/PitchBench/data/analysis_audio/pitchbench_e4_time_stretching/C2_piano_3000ms_resample_2p00x.wav,C2_piano_3000ms_resample_2p00x.wav,Listen to this audio clip of a single musical note. The recording may have been sped up or slowed down. Identify the PITCH of the note as it sounds in the audio. What is the MIDI note number (an integer from 0 to 127)? Reply with ONLY the integer. Nothing else. Output only the answer.,"Listen to this audio clip of a single musical note. The recording may have been sped up or slowed down. Identify the PITCH of the note as it sounds in the audio. What is the note name and octave? Reply with ONLY the note name in Scientific Pitch Notation (e.g. C4, F#3, Bb5). Nothing else. Output only the answer.","Listen to this audio clip of a single musical note. The recording may have been sped up or slowed down. Identify the PITCH of the note as it sounds in the audio. What is the solfege syllable and accidental (if needed) of this pitch? Use fixed-do (do=C, re=D, mi=E, fa=F, sol=G, la=A, si=B). Include sharps or flats when needed (e.g. do#, reb, fa#, sib). Do NOT include the octave. Reply with ONLY the syllable and accidental (if needed). Nothing else. Output only the answer.","Listen to this audio clip of a single musical note. The recording may have been sped up or slowed down. Identify the PITCH of the note as it sounds in the audio. What is the main pitch frequency, expressed in Hertz? Reply with ONLY a number (the frequency in Hz). Nothing else. Output only the answer."
resample_2x,resample,2.0,43,G2,piano,instrument,31,36,0,0,0,0,G1,D2,0,0,0,sol,sol#,0,0,0,36,D2,sol#,65.4,/home/hsnu2/PitchBench/data/analysis_audio/pitchbench_e4_time_stretching/G2_piano_3000ms_resample_2p00x.wav,G2_piano_3000ms_resample_2p00x.wav,Listen to this audio clip of a single musical note. The recording may have been sped up or slowed down. Identify the PITCH of the note as it sounds in the audio. What is the MIDI note number (an integer from 0 to 127)? Reply with ONLY the integer. Nothing else. Output only the answer.,"Listen to this audio clip of a single musical note. The recording may have been sped up or slowed down. Identify the PITCH of the note as it sounds in the audio. What is the note name and octave? Reply with ONLY the note name in Scientific Pitch Notation (e.g. C4, F#3, Bb5). Nothing else. Output only the answer.","Listen to this audio clip of a single musical note. The recording may have been sped up or slowed down. Identify the PITCH of the note as it sounds in the audio. What is the solfege syllable and accidental (if needed) of this pitch? Use fixed-do (do=C, re=D, mi=E, fa=F, sol=G, la=A, si=B). Include sharps or flats when needed (e.g. do#, reb, fa#, sib). Do NOT include the octave. Reply with ONLY the syllable and accidental (if needed). Nothing else. Output only the answer.","Listen to this audio clip of a single musical note. The recording may have been sped up or slowed down. Identify the PITCH of the note as it sounds in the audio. What is the main pitch frequency, expressed in Hertz? Reply with ONLY a number (the frequency in Hz). Nothing else. Output only the answer."
resample_2x,resample,2.0,48,C3,piano,instrument,36,28,0,0,0,0,C2,C2,1,1,1,do,sol#,0,1,1,28,C2,sol#,65.41,/home/hsnu2/PitchBench/data/analysis_audio/pitchbench_e4_time_stretching/C3_piano_3000ms_resample_2p00x.wav,C3_piano_3000ms_resample_2p00x.wav,Listen to this audio clip of a single musical note. The recording may have been sped up or slowed down. Identify the PITCH of the note as it sounds in the audio. What is the MIDI note number (an integer from 0 to 127)? Reply with ONLY the integer. Nothing else. Output only the answer.,"Listen to this audio clip of a single musical note. The recording may have been sped up or slowed down. Identify the PITCH of the note as it sounds in the audio. What is the note name and octave? Reply with ONLY the note name in Scientific Pitch Notation (e.g. C4, F#3, Bb5). Nothing else. Output only the answer.","Listen to this audio clip of a single musical note. The recording may have been sped up or slowed down. Identify the PITCH of the note as it sounds in the audio. What is the solfege syllable and accidental (if needed) of this pitch? Use fixed-do (do=C, re=D, mi=E, fa=F, sol=G, la=A, si=B). Include sharps or flats when needed (e.g. do#, reb, fa#, sib). Do NOT include the octave. Reply with ONLY the syllable and accidental (if needed). Nothing else. Output only the answer.","Listen to this audio clip of a single musical note. The recording may have been sped up or slowed down. Identify the PITCH of the note as it sounds in the audio. What is the main pitch frequency, expressed in Hertz? Reply with ONLY a number (the frequency in Hz). Nothing else. Output only the answer."
resample_2x,resample,2.0,54,F#3,piano,instrument,42,63,0,0,0,0,F#2,F#4,0,1,0,fa#,sol#,0,0,0,63,F#4,sol#,87.31,/home/hsnu2/PitchBench/data/analysis_audio/pitchbench_e4_time_stretching/Fs3_piano_3000ms_resample_2p00x.wav,Fs3_piano_3000ms_resample_2p00x.wav,Listen to this audio clip of a single musical note. The recording may have been sped up or slowed down. Identify the PITCH of the note as it sounds in the audio. What is the MIDI note number (an integer from 0 to 127)? Reply with ONLY the integer. Nothing else. Output only the answer.,"Listen to this audio clip of a single musical note. The recording may have been sped up or slowed down. Identify the PITCH of the note as it sounds in the audio. What is the note name and octave? Reply with ONLY the note name in Scientific Pitch Notation (e.g. C4, F#3, Bb5). Nothing else. Output only the answer.","Listen to this audio clip of a single musical note. The recording may have been sped up or slowed down. Identify the PITCH of the note as it sounds in the audio. What is the solfege syllable and accidental (if needed) of this pitch? Use fixed-do (do=C, re=D, mi=E, fa=F, sol=G, la=A, si=B). Include sharps or flats when needed (e.g. do#, reb, fa#, sib). Do NOT include the octave. Reply with ONLY the syllable and accidental (if needed). Nothing else. Output only the answer.","Listen to this audio clip of a single musical note. The recording may have been sped up or slowed down. Identify the PITCH of the note as it sounds in the audio. What is the main pitch frequency, expressed in Hertz? Reply with ONLY a number (the frequency in Hz). Nothing else. Output only the answer."
resample_2x,resample,2.0,58,A#3,piano,instrument,46,29,0,0,0,0,A#2,F2,0,0,1,la#,sol#,0,0,0,29,F2,sol#,8,/home/hsnu2/PitchBench/data/analysis_audio/pitchbench_e4_time_stretching/As3_piano_3000ms_resample_2p00x.wav,As3_piano_3000ms_resample_2p00x.wav,Listen to this audio clip of a single musical note. The recording may have been sped up or slowed down. Identify the PITCH of the note as it sounds in the audio. What is the MIDI note number (an integer from 0 to 127)? Reply with ONLY the integer. Nothing else. Output only the answer.,"Listen to this audio clip of a single musical note. The recording may have been sped up or slowed down. Identify the PITCH of the note as it sounds in the audio. What is the note name and octave? Reply with ONLY the note name in Scientific Pitch Notation (e.g. C4, F#3, Bb5). Nothing else. Output only the answer.","Listen to this audio clip of a single musical note. The recording may have been sped up or slowed down. Identify the PITCH of the note as it sounds in the audio. What is the solfege syllable and accidental (if needed) of this pitch? Use fixed-do (do=C, re=D, mi=E, fa=F, sol=G, la=A, si=B). Include sharps or flats when needed (e.g. do#, reb, fa#, sib). Do NOT include the octave. Reply with ONLY the syllable and accidental (if needed). Nothing else. Output only the answer.","Listen to this audio clip of a single musical note. The recording may have been sped up or slowed down. Identify the PITCH of the note as it sounds in the audio. What is the main pitch frequency, expressed in Hertz? Reply with ONLY a number (the frequency in Hz). Nothing else. Output only the answer."
resample_2x,resample,2.0,60,C4,piano,instrument,48,40,0,0,0,0,C3,D2,0,0,0,do,sol#,0,0,0,40,D2,sol#,82.4,/home/hsnu2/PitchBench/data/analysis_audio/pitchbench_e4_time_stretching/C4_piano_3000ms_resample_2p00x.wav,C4_piano_3000ms_resample_2p00x.wav,Listen to this audio clip of a single musical note. The recording may have been sped up or slowed down. Identify the PITCH of the note as it sounds in the audio. What is the MIDI note number (an integer from 0 to 127)? Reply with ONLY the integer. Nothing else. Output only the answer.,"Listen to this audio clip of a single musical note. The recording may have been sped up or slowed down. Identify the PITCH of the note as it sounds in the audio. What is the note name and octave? Reply with ONLY the note name in Scientific Pitch Notation (e.g. C4, F#3, Bb5). Nothing else. Output only the answer.","Listen to this audio clip of a single musical note. The recording may have been sped up or slowed down. Identify the PITCH of the note as it sounds in the audio. What is the solfege syllable and accidental (if needed) of this pitch? Use fixed-do (do=C, re=D, mi=E, fa=F, sol=G, la=A, si=B). Include sharps or flats when needed (e.g. do#, reb, fa#, sib). Do NOT include the octave. Reply with ONLY the syllable and accidental (if needed). Nothing else. Output only the answer.","Listen to this audio clip of a single musical note. The recording may have been sped up or slowed down. Identify the PITCH of the note as it sounds in the audio. What is the main pitch frequency, expressed in Hertz? Reply with ONLY a number (the frequency in Hz). Nothing else. Output only the answer."
resample_2x,resample,2.0,64,E4,piano,instrument,52,48,0,0,0,1,E3,F4,0,0,0,mi,fa#,0,0,0,48,F4,fa#,554,/home/hsnu2/PitchBench/data/analysis_audio/pitchbench_e4_time_stretching/E4_piano_3000ms_resample_2p00x.wav,E4_piano_3000ms_resample_2p00x.wav,Listen to this audio clip of a single musical note. The recording may have been sped up or slowed down. Identify the PITCH of the note as it sounds in the audio. What is the MIDI note number (an integer from 0 to 127)? Reply with ONLY the integer. Nothing else. Output only the answer.,"Listen to this audio clip of a single musical note. The recording may have been sped up or slowed down. Identify the PITCH of the note as it sounds in the audio. What is the note name and octave? Reply with ONLY the note name in Scientific Pitch Notation (e.g. C4, F#3, Bb5). Nothing else. Output only the answer.","Listen to this audio clip of a single musical note. The recording may have been sped up or slowed down. Identify the PITCH of the note as it sounds in the audio. What is the solfege syllable and accidental (if needed) of this pitch? Use fixed-do (do=C, re=D, mi=E, fa=F, sol=G, la=A, si=B). Include sharps or flats when needed (e.g. do#, reb, fa#, sib). Do NOT include the octave. Reply with ONLY the syllable and accidental (if needed). Nothing else. Output only the answer.","Listen to this audio clip of a single musical note. The recording may have been sped up or slowed down. Identify the PITCH of the note as it sounds in the audio. What is the main pitch frequency, expressed in Hertz? Reply with ONLY a number (the frequency in Hz). Nothing else. Output only the answer."
resample_2x,resample,2.0,67,G4,piano,instrument,55,31,0,0,1,0,G3,G4,0,1,0,sol,sol#,0,0,0,31,G4,sol#,31,/home/hsnu2/PitchBench/data/analysis_audio/pitchbench_e4_time_stretching/G4_piano_3000ms_resample_2p00x.wav,G4_piano_3000ms_resample_2p00x.wav,Listen to this audio clip of a single musical note. The recording may have been sped up or slowed down. Identify the PITCH of the note as it sounds in the audio. What is the MIDI note number (an integer from 0 to 127)? Reply with ONLY the integer. Nothing else. Output only the answer.,"Listen to this audio clip of a single musical note. The recording may have been sped up or slowed down. Identify the PITCH of the note as it sounds in the audio. What is the note name and octave? Reply with ONLY the note name in Scientific Pitch Notation (e.g. C4, F#3, Bb5). Nothing else. Output only the answer.","Listen to this audio clip of a single musical note. The recording may have been sped up or slowed down. Identify the PITCH of the note as it sounds in the audio. What is the solfege syllable and accidental (if needed) of this pitch? Use fixed-do (do=C, re=D, mi=E, fa=F, sol=G, la=A, si=B). Include sharps or flats when needed (e.g. do#, reb, fa#, sib). Do NOT include the octave. Reply with ONLY the syllable and accidental (if needed). Nothing else. Output only the answer.","Listen to this audio clip of a single musical note. The recording may have been sped up or slowed down. Identify the PITCH of the note as it sounds in the audio. What is the main pitch frequency, expressed in Hertz? Reply with ONLY a number (the frequency in Hz). Nothing else. Output only the answer."
resample_2x,resample,2.0,69,A4,piano,instrument,57,77,0,0,0,0,A3,F5,0,0,0,la,re#,0,0,0,77,F5,mib,698.46,/home/hsnu2/PitchBench/data/analysis_audio/pitchbench_e4_time_stretching/A4_piano_3000ms_resample_2p00x.wav,A4_piano_3000ms_resample_2p00x.wav,Listen to this audio clip of a single musical note. The recording may have been sped up or slowed down. Identify the PITCH of the note as it sounds in the audio. What is the MIDI note number (an integer from 0 to 127)? Reply with ONLY the integer. Nothing else. Output only the answer.,"Listen to this audio clip of a single musical note. The recording may have been sped up or slowed down. Identify the PITCH of the note as it sounds in the audio. What is the note name and octave? Reply with ONLY the note name in Scientific Pitch Notation (e.g. C4, F#3, Bb5). Nothing else. Output only the answer.","Listen to this audio clip of a single musical note. The recording may have been sped up or slowed down. Identify the PITCH of the note as it sounds in the audio. What is the solfege syllable and accidental (if needed) of this pitch? Use fixed-do (do=C, re=D, mi=E, fa=F, sol=G, la=A, si=B). Include sharps or flats when needed (e.g. do#, reb, fa#, sib). Do NOT include the octave. Reply with ONLY the syllable and accidental (if needed). Nothing else. Output only the answer.","Listen to this audio clip of a single musical note. The recording may have been sped up or slowed down. Identify the PITCH of the note as it sounds in the audio. What is the main pitch frequency, expressed in Hertz? Reply with ONLY a number (the frequency in Hz). Nothing else. Output only the answer."
resample_2x,resample,2.0,72,C5,piano,instrument,60,36,0,0,1,0,C4,C2,0,1,0,do,,0,0,0,36,C2,format,130,/home/hsnu2/PitchBench/data/analysis_audio/pitchbench_e4_time_stretching/C5_piano_3000ms_resample_2p00x.wav,C5_piano_3000ms_resample_2p00x.wav,Listen to this audio clip of a single musical note. The recording may have been sped up or slowed down. Identify the PITCH of the note as it sounds in the audio. What is the MIDI note number (an integer from 0 to 127)? Reply with ONLY the integer. Nothing else. Output only the answer.,"Listen to this audio clip of a single musical note. The recording may have been sped up or slowed down. Identify the PITCH of the note as it sounds in the audio. What is the note name and octave? Reply with ONLY the note name in Scientific Pitch Notation (e.g. C4, F#3, Bb5). Nothing else. Output only the answer.","Listen to this audio clip of a single musical note. The recording may have been sped up or slowed down. Identify the PITCH of the note as it sounds in the audio. What is the solfege syllable and accidental (if needed) of this pitch? Use fixed-do (do=C, re=D, mi=E, fa=F, sol=G, la=A, si=B). Include sharps or flats when needed (e.g. do#, reb, fa#, sib). Do NOT include the octave. Reply with ONLY the syllable and accidental (if needed). Nothing else. Output only the answer.","Listen to this audio clip of a single musical note. The recording may have been sped up or slowed down. Identify the PITCH of the note as it sounds in the audio. What is the main pitch frequency, expressed in Hertz? Reply with ONLY a number (the frequency in Hz). Nothing else. Output only the answer."
resample_2x,resample,2.0,77,F5,piano,instrument,65,89,0,0,1,0,F4,F5,0,1,0,fa,fa#,0,0,0,89,F5,fa#,110,/home/hsnu2/PitchBench/data/analysis_audio/pitchbench_e4_time_stretching/F5_piano_3000ms_resample_2p00x.wav,F5_piano_3000ms_resample_2p00x.wav,Listen to this audio clip of a single musical note. The recording may have been sped up or slowed down. Identify the PITCH of the note as it sounds in the audio. What is the MIDI note number (an integer from 0 to 127)? Reply with ONLY the integer. Nothing else. Output only the answer.,"Listen to this audio clip of a single musical note. The recording may have been sped up or slowed down. Identify the PITCH of the note as it sounds in the audio. What is the note name and octave? Reply with ONLY the note name in Scientific Pitch Notation (e.g. C4, F#3, Bb5). Nothing else. Output only the answer.","Listen to this audio clip of a single musical note. The recording may have been sped up or slowed down. Identify the PITCH of the note as it sounds in the audio. What is the solfege syllable and accidental (if needed) of this pitch? Use fixed-do (do=C, re=D, mi=E, fa=F, sol=G, la=A, si=B). Include sharps or flats when needed (e.g. do#, reb, fa#, sib). Do NOT include the octave. Reply with ONLY the syllable and accidental (if needed). Nothing else. Output only the answer.","Listen to this audio clip of a single musical note. The recording may have been sped up or slowed down. Identify the PITCH of the note as it sounds in the audio. What is the main pitch frequency, expressed in Hertz? Reply with ONLY a number (the frequency in Hz). Nothing else. Output only the answer."
resample_2x,resample,2.0,84,C6,piano,instrument,72,60,0,0,1,0,C5,F#4,0,0,0,do,sol#,0,0,0,60,F#4,sol#,1174.6,/home/hsnu2/PitchBench/data/analysis_audio/pitchbench_e4_time_stretching/C6_piano_3000ms_resample_2p00x.wav,C6_piano_3000ms_resample_2p00x.wav,Listen to this audio clip of a single musical note. The recording may have been sped up or slowed down. Identify the PITCH of the note as it sounds in the audio. What is the MIDI note number (an integer from 0 to 127)? Reply with ONLY the integer. Nothing else. Output only the answer.,"Listen to this audio clip of a single musical note. The recording may have been sped up or slowed down. Identify the PITCH of the note as it sounds in the audio. What is the note name and octave? Reply with ONLY the note name in Scientific Pitch Notation (e.g. C4, F#3, Bb5). Nothing else. Output only the answer.","Listen to this audio clip of a single musical note. The recording may have been sped up or slowed down. Identify the PITCH of the note as it sounds in the audio. What is the solfege syllable and accidental (if needed) of this pitch? Use fixed-do (do=C, re=D, mi=E, fa=F, sol=G, la=A, si=B). Include sharps or flats when needed (e.g. do#, reb, fa#, sib). Do NOT include the octave. Reply with ONLY the syllable and accidental (if needed). Nothing else. Output only the answer.","Listen to this audio clip of a single musical note. The recording may have been sped up or slowed down. Identify the PITCH of the note as it sounds in the audio. What is the main pitch frequency, expressed in Hertz? Reply with ONLY a number (the frequency in Hz). Nothing else. Output only the answer."
stretch_0.5x,stretch,0.5,36,C2,piano,instrument,36,48,0,0,1,0,C2,C2,1,1,1,do,,0,0,1,48,C2,examples,1046.,/home/hsnu2/PitchBench/data/analysis_audio/pitchbench_e4_time_stretching/C2_piano_3000ms_stretch_0p50x.wav,C2_piano_3000ms_stretch_0p50x.wav,Listen to this audio clip of a single musical note. The recording may have been sped up or slowed down. Identify the PITCH of the note as it sounds in the audio. What is the MIDI note number (an integer from 0 to 127)? Reply with ONLY the integer. Nothing else. Output only the answer.,"Listen to this audio clip of a single musical note. The recording may have been sped up or slowed down. Identify the PITCH of the note as it sounds in the audio. What is the note name and octave? Reply with ONLY the note name in Scientific Pitch Notation (e.g. C4, F#3, Bb5). Nothing else. Output only the answer.","Listen to this audio clip of a single musical note. The recording may have been sped up or slowed down. Identify the PITCH of the note as it sounds in the audio. What is the solfege syllable and accidental (if needed) of this pitch? Use fixed-do (do=C, re=D, mi=E, fa=F, sol=G, la=A, si=B). Include sharps or flats when needed (e.g. do#, reb, fa#, sib). Do NOT include the octave. Reply with ONLY the syllable and accidental (if needed). Nothing else. Output only the answer.","Listen to this audio clip of a single musical note. The recording may have been sped up or slowed down. Identify the PITCH of the note as it sounds in the audio. What is the main pitch frequency, expressed in Hertz? Reply with ONLY a number (the frequency in Hz). Nothing else. Output only the answer."
stretch_0.5x,stretch,0.5,43,G2,piano,instrument,43,86,0,0,0,0,G2,C5,0,0,0,sol,sol#,0,0,0,86,C5,sol#,1046,/home/hsnu2/PitchBench/data/analysis_audio/pitchbench_e4_time_stretching/G2_piano_3000ms_stretch_0p50x.wav,G2_piano_3000ms_stretch_0p50x.wav,Listen to this audio clip of a single musical note. The recording may have been sped up or slowed down. Identify the PITCH of the note as it sounds in the audio. What is the MIDI note number (an integer from 0 to 127)? Reply with ONLY the integer. Nothing else. Output only the answer.,"Listen to this audio clip of a single musical note. The recording may have been sped up or slowed down. Identify the PITCH of the note as it sounds in the audio. What is the note name and octave? Reply with ONLY the note name in Scientific Pitch Notation (e.g. C4, F#3, Bb5). Nothing else. Output only the answer.","Listen to this audio clip of a single musical note. The recording may have been sped up or slowed down. Identify the PITCH of the note as it sounds in the audio. What is the solfege syllable and accidental (if needed) of this pitch? Use fixed-do (do=C, re=D, mi=E, fa=F, sol=G, la=A, si=B). Include sharps or flats when needed (e.g. do#, reb, fa#, sib). Do NOT include the octave. Reply with ONLY the syllable and accidental (if needed). Nothing else. Output only the answer.","Listen to this audio clip of a single musical note. The recording may have been sped up or slowed down. Identify the PITCH of the note as it sounds in the audio. What is the main pitch frequency, expressed in Hertz? Reply with ONLY a number (the frequency in Hz). Nothing else. Output only the answer."
stretch_0.5x,stretch,0.5,48,C3,piano,instrument,48,61,0,0,0,0,C3,C2,0,1,0,do,sol#,0,0,0,61,C2,sol#,523.,/home/hsnu2/PitchBench/data/analysis_audio/pitchbench_e4_time_stretching/C3_piano_3000ms_stretch_0p50x.wav,C3_piano_3000ms_stretch_0p50x.wav,Listen to this audio clip of a single musical note. The recording may have been sped up or slowed down. Identify the PITCH of the note as it sounds in the audio. What is the MIDI note number (an integer from 0 to 127)? Reply with ONLY the integer. Nothing else. Output only the answer.,"Listen to this audio clip of a single musical note. The recording may have been sped up or slowed down. Identify the PITCH of the note as it sounds in the audio. What is the note name and octave? Reply with ONLY the note name in Scientific Pitch Notation (e.g. C4, F#3, Bb5). Nothing else. Output only the answer.","Listen to this audio clip of a single musical note. The recording may have been sped up or slowed down. Identify the PITCH of the note as it sounds in the audio. What is the solfege syllable and accidental (if needed) of this pitch? Use fixed-do (do=C, re=D, mi=E, fa=F, sol=G, la=A, si=B). Include sharps or flats when needed (e.g. do#, reb, fa#, sib). Do NOT include the octave. Reply with ONLY the syllable and accidental (if needed). Nothing else. Output only the answer.","Listen to this audio clip of a single musical note. The recording may have been sped up or slowed down. Identify the PITCH of the note as it sounds in the audio. What is the main pitch frequency, expressed in Hertz? Reply with ONLY a number (the frequency in Hz). Nothing else. Output only the answer."
stretch_0.5x,stretch,0.5,54,F#3,piano,instrument,54,36,0,0,0,0,F#3,F#4,0,1,0,fa#,sol#,0,0,0,36,F#4,sol#,110.,/home/hsnu2/PitchBench/data/analysis_audio/pitchbench_e4_time_stretching/Fs3_piano_3000ms_stretch_0p50x.wav,Fs3_piano_3000ms_stretch_0p50x.wav,Listen to this audio clip of a single musical note. The recording may have been sped up or slowed down. Identify the PITCH of the note as it sounds in the audio. What is the MIDI note number (an integer from 0 to 127)? Reply with ONLY the integer. Nothing else. Output only the answer.,"Listen to this audio clip of a single musical note. The recording may have been sped up or slowed down. Identify the PITCH of the note as it sounds in the audio. What is the note name and octave? Reply with ONLY the note name in Scientific Pitch Notation (e.g. C4, F#3, Bb5). Nothing else. Output only the answer.","Listen to this audio clip of a single musical note. The recording may have been sped up or slowed down. Identify the PITCH of the note as it sounds in the audio. What is the solfege syllable and accidental (if needed) of this pitch? Use fixed-do (do=C, re=D, mi=E, fa=F, sol=G, la=A, si=B). Include sharps or flats when needed (e.g. do#, reb, fa#, sib). Do NOT include the octave. Reply with ONLY the syllable and accidental (if needed). Nothing else. Output only the answer.","Listen to this audio clip of a single musical note. The recording may have been sped up or slowed down. Identify the PITCH of the note as it sounds in the audio. What is the main pitch frequency, expressed in Hertz? Reply with ONLY a number (the frequency in Hz). Nothing else. Output only the answer."
stretch_0.5x,stretch,0.5,58,A#3,piano,instrument,58,63,0,0,0,0,A#3,C2,0,0,0,la#,sol#,0,0,0,63,C2,sol#,65.4,/home/hsnu2/PitchBench/data/analysis_audio/pitchbench_e4_time_stretching/As3_piano_3000ms_stretch_0p50x.wav,As3_piano_3000ms_stretch_0p50x.wav,Listen to this audio clip of a single musical note. The recording may have been sped up or slowed down. Identify the PITCH of the note as it sounds in the audio. What is the MIDI note number (an integer from 0 to 127)? Reply with ONLY the integer. Nothing else. Output only the answer.,"Listen to this audio clip of a single musical note. The recording may have been sped up or slowed down. Identify the PITCH of the note as it sounds in the audio. What is the note name and octave? Reply with ONLY the note name in Scientific Pitch Notation (e.g. C4, F#3, Bb5). Nothing else. Output only the answer.","Listen to this audio clip of a single musical note. The recording may have been sped up or slowed down. Identify the PITCH of the note as it sounds in the audio. What is the solfege syllable and accidental (if needed) of this pitch? Use fixed-do (do=C, re=D, mi=E, fa=F, sol=G, la=A, si=B). Include sharps or flats when needed (e.g. do#, reb, fa#, sib). Do NOT include the octave. Reply with ONLY the syllable and accidental (if needed). Nothing else. Output only the answer.","Listen to this audio clip of a single musical note. The recording may have been sped up or slowed down. Identify the PITCH of the note as it sounds in the audio. What is the main pitch frequency, expressed in Hertz? Reply with ONLY a number (the frequency in Hz). Nothing else. Output only the answer."
stretch_0.5x,stretch,0.5,60,C4,piano,instrument,60,84,0,0,1,0,C4,C6,0,1,0,do,sol#,0,0,0,84,C6,sol#,1046.,/home/hsnu2/PitchBench/data/analysis_audio/pitchbench_e4_time_stretching/C4_piano_3000ms_stretch_0p50x.wav,C4_piano_3000ms_stretch_0p50x.wav,Listen to this audio clip of a single musical note. The recording may have been sped up or slowed down. Identify the PITCH of the note as it sounds in the audio. What is the MIDI note number (an integer from 0 to 127)? Reply with ONLY the integer. Nothing else. Output only the answer.,"Listen to this audio clip of a single musical note. The recording may have been sped up or slowed down. Identify the PITCH of the note as it sounds in the audio. What is the note name and octave? Reply with ONLY the note name in Scientific Pitch Notation (e.g. C4, F#3, Bb5). Nothing else. Output only the answer.","Listen to this audio clip of a single musical note. The recording may have been sped up or slowed down. Identify the PITCH of the note as it sounds in the audio. What is the solfege syllable and accidental (if needed) of this pitch? Use fixed-do (do=C, re=D, mi=E, fa=F, sol=G, la=A, si=B). Include sharps or flats when needed (e.g. do#, reb, fa#, sib). Do NOT include the octave. Reply with ONLY the syllable and accidental (if needed). Nothing else. Output only the answer.","Listen to this audio clip of a single musical note. The recording may have been sped up or slowed down. Identify the PITCH of the note as it sounds in the audio. What is the main pitch frequency, expressed in Hertz? Reply with ONLY a number (the frequency in Hz). Nothing else. Output only the answer."
stretch_0.5x,stretch,0.5,64,E4,piano,instrument,64,96,0,0,0,0,E4,C5,0,0,0,mi,sol#,0,0,0,96,C5,sol#,1108.7,/home/hsnu2/PitchBench/data/analysis_audio/pitchbench_e4_time_stretching/E4_piano_3000ms_stretch_0p50x.wav,E4_piano_3000ms_stretch_0p50x.wav,Listen to this audio clip of a single musical note. The recording may have been sped up or slowed down. Identify the PITCH of the note as it sounds in the audio. What is the MIDI note number (an integer from 0 to 127)? Reply with ONLY the integer. Nothing else. Output only the answer.,"Listen to this audio clip of a single musical note. The recording may have been sped up or slowed down. Identify the PITCH of the note as it sounds in the audio. What is the note name and octave? Reply with ONLY the note name in Scientific Pitch Notation (e.g. C4, F#3, Bb5). Nothing else. Output only the answer.","Listen to this audio clip of a single musical note. The recording may have been sped up or slowed down. Identify the PITCH of the note as it sounds in the audio. What is the solfege syllable and accidental (if needed) of this pitch? Use fixed-do (do=C, re=D, mi=E, fa=F, sol=G, la=A, si=B). Include sharps or flats when needed (e.g. do#, reb, fa#, sib). Do NOT include the octave. Reply with ONLY the syllable and accidental (if needed). Nothing else. Output only the answer.","Listen to this audio clip of a single musical note. The recording may have been sped up or slowed down. Identify the PITCH of the note as it sounds in the audio. What is the main pitch frequency, expressed in Hertz? Reply with ONLY a number (the frequency in Hz). Nothing else. Output only the answer."
stretch_0.5x,stretch,0.5,67,G4,piano,instrument,67,65,0,0,0,1,G4,G#4,0,0,1,sol,sol#,0,0,0,65,G#4,sol#,1108.,/home/hsnu2/PitchBench/data/analysis_audio/pitchbench_e4_time_stretching/G4_piano_3000ms_stretch_0p50x.wav,G4_piano_3000ms_stretch_0p50x.wav,Listen to this audio clip of a single musical note. The recording may have been sped up or slowed down. Identify the PITCH of the note as it sounds in the audio. What is the MIDI note number (an integer from 0 to 127)? Reply with ONLY the integer. Nothing else. Output only the answer.,"Listen to this audio clip of a single musical note. The recording may have been sped up or slowed down. Identify the PITCH of the note as it sounds in the audio. What is the note name and octave? Reply with ONLY the note name in Scientific Pitch Notation (e.g. C4, F#3, Bb5). Nothing else. Output only the answer.","Listen to this audio clip of a single musical note. The recording may have been sped up or slowed down. Identify the PITCH of the note as it sounds in the audio. What is the solfege syllable and accidental (if needed) of this pitch? Use fixed-do (do=C, re=D, mi=E, fa=F, sol=G, la=A, si=B). Include sharps or flats when needed (e.g. do#, reb, fa#, sib). Do NOT include the octave. Reply with ONLY the syllable and accidental (if needed). Nothing else. Output only the answer.","Listen to this audio clip of a single musical note. The recording may have been sped up or slowed down. Identify the PITCH of the note as it sounds in the audio. What is the main pitch frequency, expressed in Hertz? Reply with ONLY a number (the frequency in Hz). Nothing else. Output only the answer."
stretch_0.5x,stretch,0.5,69,A4,piano,instrument,69,69,1,1,1,1,A4,A5,0,1,0,la,la#,0,0,1,69,A5,la#,1,/home/hsnu2/PitchBench/data/analysis_audio/pitchbench_e4_time_stretching/A4_piano_3000ms_stretch_0p50x.wav,A4_piano_3000ms_stretch_0p50x.wav,Listen to this audio clip of a single musical note. The recording may have been sped up or slowed down. Identify the PITCH of the note as it sounds in the audio. What is the MIDI note number (an integer from 0 to 127)? Reply with ONLY the integer. Nothing else. Output only the answer.,"Listen to this audio clip of a single musical note. The recording may have been sped up or slowed down. Identify the PITCH of the note as it sounds in the audio. What is the note name and octave? Reply with ONLY the note name in Scientific Pitch Notation (e.g. C4, F#3, Bb5). Nothing else. Output only the answer.","Listen to this audio clip of a single musical note. The recording may have been sped up or slowed down. Identify the PITCH of the note as it sounds in the audio. What is the solfege syllable and accidental (if needed) of this pitch? Use fixed-do (do=C, re=D, mi=E, fa=F, sol=G, la=A, si=B). Include sharps or flats when needed (e.g. do#, reb, fa#, sib). Do NOT include the octave. Reply with ONLY the syllable and accidental (if needed). Nothing else. Output only the answer.","Listen to this audio clip of a single musical note. The recording may have been sped up or slowed down. Identify the PITCH of the note as it sounds in the audio. What is the main pitch frequency, expressed in Hertz? Reply with ONLY a number (the frequency in Hz). Nothing else. Output only the answer."
stretch_0.5x,stretch,0.5,72,C5,piano,instrument,72,101,0,0,0,0,C5,C6,0,1,0,do,do,1,0,0,101,C6,). Do NOT,1046.5,/home/hsnu2/PitchBench/data/analysis_audio/pitchbench_e4_time_stretching/C5_piano_3000ms_stretch_0p50x.wav,C5_piano_3000ms_stretch_0p50x.wav,Listen to this audio clip of a single musical note. The recording may have been sped up or slowed down. Identify the PITCH of the note as it sounds in the audio. What is the MIDI note number (an integer from 0 to 127)? Reply with ONLY the integer. Nothing else. Output only the answer.,"Listen to this audio clip of a single musical note. The recording may have been sped up or slowed down. Identify the PITCH of the note as it sounds in the audio. What is the note name and octave? Reply with ONLY the note name in Scientific Pitch Notation (e.g. C4, F#3, Bb5). Nothing else. Output only the answer.","Listen to this audio clip of a single musical note. The recording may have been sped up or slowed down. Identify the PITCH of the note as it sounds in the audio. What is the solfege syllable and accidental (if needed) of this pitch? Use fixed-do (do=C, re=D, mi=E, fa=F, sol=G, la=A, si=B). Include sharps or flats when needed (e.g. do#, reb, fa#, sib). Do NOT include the octave. Reply with ONLY the syllable and accidental (if needed). Nothing else. Output only the answer.","Listen to this audio clip of a single musical note. The recording may have been sped up or slowed down. Identify the PITCH of the note as it sounds in the audio. What is the main pitch frequency, expressed in Hertz? Reply with ONLY a number (the frequency in Hz). Nothing else. Output only the answer."
stretch_0.5x,stretch,0.5,77,F5,piano,instrument,77,40,0,0,0,0,F5,C2,0,0,0,fa,fa#,0,0,0,40,C2,fa#,1046.5,/home/hsnu2/PitchBench/data/analysis_audio/pitchbench_e4_time_stretching/F5_piano_3000ms_stretch_0p50x.wav,F5_piano_3000ms_stretch_0p50x.wav,Listen to this audio clip of a single musical note. The recording may have been sped up or slowed down. Identify the PITCH of the note as it sounds in the audio. What is the MIDI note number (an integer from 0 to 127)? Reply with ONLY the integer. Nothing else. Output only the answer.,"Listen to this audio clip of a single musical note. The recording may have been sped up or slowed down. Identify the PITCH of the note as it sounds in the audio. What is the note name and octave? Reply with ONLY the note name in Scientific Pitch Notation (e.g. C4, F#3, Bb5). Nothing else. Output only the answer.","Listen to this audio clip of a single musical note. The recording may have been sped up or slowed down. Identify the PITCH of the note as it sounds in the audio. What is the solfege syllable and accidental (if needed) of this pitch? Use fixed-do (do=C, re=D, mi=E, fa=F, sol=G, la=A, si=B). Include sharps or flats when needed (e.g. do#, reb, fa#, sib). Do NOT include the octave. Reply with ONLY the syllable and accidental (if needed). Nothing else. Output only the answer.","Listen to this audio clip of a single musical note. The recording may have been sped up or slowed down. Identify the PITCH of the note as it sounds in the audio. What is the main pitch frequency, expressed in Hertz? Reply with ONLY a number (the frequency in Hz). Nothing else. Output only the answer."
stretch_0.5x,stretch,0.5,84,C6,piano,instrument,84,84,1,1,1,1,C6,C2,0,1,0,do,sol#,0,1,1,84,C2,sol#,1046.,/home/hsnu2/PitchBench/data/analysis_audio/pitchbench_e4_time_stretching/C6_piano_3000ms_stretch_0p50x.wav,C6_piano_3000ms_stretch_0p50x.wav,Listen to this audio clip of a single musical note. The recording may have been sped up or slowed down. Identify the PITCH of the note as it sounds in the audio. What is the MIDI note number (an integer from 0 to 127)? Reply with ONLY the integer. Nothing else. Output only the answer.,"Listen to this audio clip of a single musical note. The recording may have been sped up or slowed down. Identify the PITCH of the note as it sounds in the audio. What is the note name and octave? Reply with ONLY the note name in Scientific Pitch Notation (e.g. C4, F#3, Bb5). Nothing else. Output only the answer.","Listen to this audio clip of a single musical note. The recording may have been sped up or slowed down. Identify the PITCH of the note as it sounds in the audio. What is the solfege syllable and accidental (if needed) of this pitch? Use fixed-do (do=C, re=D, mi=E, fa=F, sol=G, la=A, si=B). Include sharps or flats when needed (e.g. do#, reb, fa#, sib). Do NOT include the octave. Reply with ONLY the syllable and accidental (if needed). Nothing else. Output only the answer.","Listen to this audio clip of a single musical note. The recording may have been sped up or slowed down. Identify the PITCH of the note as it sounds in the audio. What is the main pitch frequency, expressed in Hertz? Reply with ONLY a number (the frequency in Hz). Nothing else. Output only the answer."
stretch_2x,stretch,2.0,36,C2,piano,instrument,36,31,0,0,0,0,C2,C2,1,1,1,do,,0,0,1,31,C2,Listen to the audio,* Since I am an AI,/home/hsnu2/PitchBench/data/analysis_audio/pitchbench_e4_time_stretching/C2_piano_3000ms_stretch_2p00x.wav,C2_piano_3000ms_stretch_2p00x.wav,Listen to this audio clip of a single musical note. The recording may have been sped up or slowed down. Identify the PITCH of the note as it sounds in the audio. What is the MIDI note number (an integer from 0 to 127)? Reply with ONLY the integer. Nothing else. Output only the answer.,"Listen to this audio clip of a single musical note. The recording may have been sped up or slowed down. Identify the PITCH of the note as it sounds in the audio. What is the note name and octave? Reply with ONLY the note name in Scientific Pitch Notation (e.g. C4, F#3, Bb5). Nothing else. Output only the answer.","Listen to this audio clip of a single musical note. The recording may have been sped up or slowed down. Identify the PITCH of the note as it sounds in the audio. What is the solfege syllable and accidental (if needed) of this pitch? Use fixed-do (do=C, re=D, mi=E, fa=F, sol=G, la=A, si=B). Include sharps or flats when needed (e.g. do#, reb, fa#, sib). Do NOT include the octave. Reply with ONLY the syllable and accidental (if needed). Nothing else. Output only the answer.","Listen to this audio clip of a single musical note. The recording may have been sped up or slowed down. Identify the PITCH of the note as it sounds in the audio. What is the main pitch frequency, expressed in Hertz? Reply with ONLY a number (the frequency in Hz). Nothing else. Output only the answer."
stretch_2x,stretch,2.0,43,G2,piano,instrument,43,36,0,0,0,1,G2,C6,0,0,0,sol,sol,1,0,0,36,C6,sol,130.,/home/hsnu2/PitchBench/data/analysis_audio/pitchbench_e4_time_stretching/G2_piano_3000ms_stretch_2p00x.wav,G2_piano_3000ms_stretch_2p00x.wav,Listen to this audio clip of a single musical note. The recording may have been sped up or slowed down. Identify the PITCH of the note as it sounds in the audio. What is the MIDI note number (an integer from 0 to 127)? Reply with ONLY the integer. Nothing else. Output only the answer.,"Listen to this audio clip of a single musical note. The recording may have been sped up or slowed down. Identify the PITCH of the note as it sounds in the audio. What is the note name and octave? Reply with ONLY the note name in Scientific Pitch Notation (e.g. C4, F#3, Bb5). Nothing else. Output only the answer.","Listen to this audio clip of a single musical note. The recording may have been sped up or slowed down. Identify the PITCH of the note as it sounds in the audio. What is the solfege syllable and accidental (if needed) of this pitch? Use fixed-do (do=C, re=D, mi=E, fa=F, sol=G, la=A, si=B). Include sharps or flats when needed (e.g. do#, reb, fa#, sib). Do NOT include the octave. Reply with ONLY the syllable and accidental (if needed). Nothing else. Output only the answer.","Listen to this audio clip of a single musical note. The recording may have been sped up or slowed down. Identify the PITCH of the note as it sounds in the audio. What is the main pitch frequency, expressed in Hertz? Reply with ONLY a number (the frequency in Hz). Nothing else. Output only the answer."
stretch_2x,stretch,2.0,48,C3,piano,instrument,48,36,0,0,1,0,C3,C2,0,1,0,do,do#,0,0,0,36,C2,do#,65.41,/home/hsnu2/PitchBench/data/analysis_audio/pitchbench_e4_time_stretching/C3_piano_3000ms_stretch_2p00x.wav,C3_piano_3000ms_stretch_2p00x.wav,Listen to this audio clip of a single musical note. The recording may have been sped up or slowed down. Identify the PITCH of the note as it sounds in the audio. What is the MIDI note number (an integer from 0 to 127)? Reply with ONLY the integer. Nothing else. Output only the answer.,"Listen to this audio clip of a single musical note. The recording may have been sped up or slowed down. Identify the PITCH of the note as it sounds in the audio. What is the note name and octave? Reply with ONLY the note name in Scientific Pitch Notation (e.g. C4, F#3, Bb5). Nothing else. Output only the answer.","Listen to this audio clip of a single musical note. The recording may have been sped up or slowed down. Identify the PITCH of the note as it sounds in the audio. What is the solfege syllable and accidental (if needed) of this pitch? Use fixed-do (do=C, re=D, mi=E, fa=F, sol=G, la=A, si=B). Include sharps or flats when needed (e.g. do#, reb, fa#, sib). Do NOT include the octave. Reply with ONLY the syllable and accidental (if needed). Nothing else. Output only the answer.","Listen to this audio clip of a single musical note. The recording may have been sped up or slowed down. Identify the PITCH of the note as it sounds in the audio. What is the main pitch frequency, expressed in Hertz? Reply with ONLY a number (the frequency in Hz). Nothing else. Output only the answer."
stretch_2x,stretch,2.0,54,F#3,piano,instrument,54,42,0,0,1,0,F#3,F#2,0,1,0,fa#,fa#,1,0,0,42,F#2,fa#,11,/home/hsnu2/PitchBench/data/analysis_audio/pitchbench_e4_time_stretching/Fs3_piano_3000ms_stretch_2p00x.wav,Fs3_piano_3000ms_stretch_2p00x.wav,Listen to this audio clip of a single musical note. The recording may have been sped up or slowed down. Identify the PITCH of the note as it sounds in the audio. What is the MIDI note number (an integer from 0 to 127)? Reply with ONLY the integer. Nothing else. Output only the answer.,"Listen to this audio clip of a single musical note. The recording may have been sped up or slowed down. Identify the PITCH of the note as it sounds in the audio. What is the note name and octave? Reply with ONLY the note name in Scientific Pitch Notation (e.g. C4, F#3, Bb5). Nothing else. Output only the answer.","Listen to this audio clip of a single musical note. The recording may have been sped up or slowed down. Identify the PITCH of the note as it sounds in the audio. What is the solfege syllable and accidental (if needed) of this pitch? Use fixed-do (do=C, re=D, mi=E, fa=F, sol=G, la=A, si=B). Include sharps or flats when needed (e.g. do#, reb, fa#, sib). Do NOT include the octave. Reply with ONLY the syllable and accidental (if needed). Nothing else. Output only the answer.","Listen to this audio clip of a single musical note. The recording may have been sped up or slowed down. Identify the PITCH of the note as it sounds in the audio. What is the main pitch frequency, expressed in Hertz? Reply with ONLY a number (the frequency in Hz). Nothing else. Output only the answer."
stretch_2x,stretch,2.0,58,A#3,piano,instrument,58,46,0,0,1,0,A#3,A#3,1,1,1,la#,la#,1,1,1,46,A#3,sib,233.,/home/hsnu2/PitchBench/data/analysis_audio/pitchbench_e4_time_stretching/As3_piano_3000ms_stretch_2p00x.wav,As3_piano_3000ms_stretch_2p00x.wav,Listen to this audio clip of a single musical note. The recording may have been sped up or slowed down. Identify the PITCH of the note as it sounds in the audio. What is the MIDI note number (an integer from 0 to 127)? Reply with ONLY the integer. Nothing else. Output only the answer.,"Listen to this audio clip of a single musical note. The recording may have been sped up or slowed down. Identify the PITCH of the note as it sounds in the audio. What is the note name and octave? Reply with ONLY the note name in Scientific Pitch Notation (e.g. C4, F#3, Bb5). Nothing else. Output only the answer.","Listen to this audio clip of a single musical note. The recording may have been sped up or slowed down. Identify the PITCH of the note as it sounds in the audio. What is the solfege syllable and accidental (if needed) of this pitch? Use fixed-do (do=C, re=D, mi=E, fa=F, sol=G, la=A, si=B). Include sharps or flats when needed (e.g. do#, reb, fa#, sib). Do NOT include the octave. Reply with ONLY the syllable and accidental (if needed). Nothing else. Output only the answer.","Listen to this audio clip of a single musical note. The recording may have been sped up or slowed down. Identify the PITCH of the note as it sounds in the audio. What is the main pitch frequency, expressed in Hertz? Reply with ONLY a number (the frequency in Hz). Nothing else. Output only the answer."
stretch_2x,stretch,2.0,60,C4,piano,instrument,60,72,0,0,1,0,C4,C5,0,1,0,do,do#,0,0,0,72,C5,do#,523.25,/home/hsnu2/PitchBench/data/analysis_audio/pitchbench_e4_time_stretching/C4_piano_3000ms_stretch_2p00x.wav,C4_piano_3000ms_stretch_2p00x.wav,Listen to this audio clip of a single musical note. The recording may have been sped up or slowed down. Identify the PITCH of the note as it sounds in the audio. What is the MIDI note number (an integer from 0 to 127)? Reply with ONLY the integer. Nothing else. Output only the answer.,"Listen to this audio clip of a single musical note. The recording may have been sped up or slowed down. Identify the PITCH of the note as it sounds in the audio. What is the note name and octave? Reply with ONLY the note name in Scientific Pitch Notation (e.g. C4, F#3, Bb5). Nothing else. Output only the answer.","Listen to this audio clip of a single musical note. The recording may have been sped up or slowed down. Identify the PITCH of the note as it sounds in the audio. What is the solfege syllable and accidental (if needed) of this pitch? Use fixed-do (do=C, re=D, mi=E, fa=F, sol=G, la=A, si=B). Include sharps or flats when needed (e.g. do#, reb, fa#, sib). Do NOT include the octave. Reply with ONLY the syllable and accidental (if needed). Nothing else. Output only the answer.","Listen to this audio clip of a single musical note. The recording may have been sped up or slowed down. Identify the PITCH of the note as it sounds in the audio. What is the main pitch frequency, expressed in Hertz? Reply with ONLY a number (the frequency in Hz). Nothing else. Output only the answer."
stretch_2x,stretch,2.0,64,E4,piano,instrument,64,84,0,0,0,0,E4,G#5,0,0,0,mi,mi,1,0,0,84,G#5,mi,104,/home/hsnu2/PitchBench/data/analysis_audio/pitchbench_e4_time_stretching/E4_piano_3000ms_stretch_2p00x.wav,E4_piano_3000ms_stretch_2p00x.wav,Listen to this audio clip of a single musical note. The recording may have been sped up or slowed down. Identify the PITCH of the note as it sounds in the audio. What is the MIDI note number (an integer from 0 to 127)? Reply with ONLY the integer. Nothing else. Output only the answer.,"Listen to this audio clip of a single musical note. The recording may have been sped up or slowed down. Identify the PITCH of the note as it sounds in the audio. What is the note name and octave? Reply with ONLY the note name in Scientific Pitch Notation (e.g. C4, F#3, Bb5). Nothing else. Output only the answer.","Listen to this audio clip of a single musical note. The recording may have been sped up or slowed down. Identify the PITCH of the note as it sounds in the audio. What is the solfege syllable and accidental (if needed) of this pitch? Use fixed-do (do=C, re=D, mi=E, fa=F, sol=G, la=A, si=B). Include sharps or flats when needed (e.g. do#, reb, fa#, sib). Do NOT include the octave. Reply with ONLY the syllable and accidental (if needed). Nothing else. Output only the answer.","Listen to this audio clip of a single musical note. The recording may have been sped up or slowed down. Identify the PITCH of the note as it sounds in the audio. What is the main pitch frequency, expressed in Hertz? Reply with ONLY a number (the frequency in Hz). Nothing else. Output only the answer."
stretch_2x,stretch,2.0,67,G4,piano,instrument,67,79,0,0,1,0,G4,G#5,0,0,0,sol,sol#,0,0,0,79,G#5,sol#,* (Self-correction/,/home/hsnu2/PitchBench/data/analysis_audio/pitchbench_e4_time_stretching/G4_piano_3000ms_stretch_2p00x.wav,G4_piano_3000ms_stretch_2p00x.wav,Listen to this audio clip of a single musical note. The recording may have been sped up or slowed down. Identify the PITCH of the note as it sounds in the audio. What is the MIDI note number (an integer from 0 to 127)? Reply with ONLY the integer. Nothing else. Output only the answer.,"Listen to this audio clip of a single musical note. The recording may have been sped up or slowed down. Identify the PITCH of the note as it sounds in the audio. What is the note name and octave? Reply with ONLY the note name in Scientific Pitch Notation (e.g. C4, F#3, Bb5). Nothing else. Output only the answer.","Listen to this audio clip of a single musical note. The recording may have been sped up or slowed down. Identify the PITCH of the note as it sounds in the audio. What is the solfege syllable and accidental (if needed) of this pitch? Use fixed-do (do=C, re=D, mi=E, fa=F, sol=G, la=A, si=B). Include sharps or flats when needed (e.g. do#, reb, fa#, sib). Do NOT include the octave. Reply with ONLY the syllable and accidental (if needed). Nothing else. Output only the answer.","Listen to this audio clip of a single musical note. The recording may have been sped up or slowed down. Identify the PITCH of the note as it sounds in the audio. What is the main pitch frequency, expressed in Hertz? Reply with ONLY a number (the frequency in Hz). Nothing else. Output only the answer."
stretch_2x,stretch,2.0,69,A4,piano,instrument,69,69,1,1,1,1,A4,A5,0,1,0,la,la#,0,1,1,69,A5,la#,440,/home/hsnu2/PitchBench/data/analysis_audio/pitchbench_e4_time_stretching/A4_piano_3000ms_stretch_2p00x.wav,A4_piano_3000ms_stretch_2p00x.wav,Listen to this audio clip of a single musical note. The recording may have been sped up or slowed down. Identify the PITCH of the note as it sounds in the audio. What is the MIDI note number (an integer from 0 to 127)? Reply with ONLY the integer. Nothing else. Output only the answer.,"Listen to this audio clip of a single musical note. The recording may have been sped up or slowed down. Identify the PITCH of the note as it sounds in the audio. What is the note name and octave? Reply with ONLY the note name in Scientific Pitch Notation (e.g. C4, F#3, Bb5). Nothing else. Output only the answer.","Listen to this audio clip of a single musical note. The recording may have been sped up or slowed down. Identify the PITCH of the note as it sounds in the audio. What is the solfege syllable and accidental (if needed) of this pitch? Use fixed-do (do=C, re=D, mi=E, fa=F, sol=G, la=A, si=B). Include sharps or flats when needed (e.g. do#, reb, fa#, sib). Do NOT include the octave. Reply with ONLY the syllable and accidental (if needed). Nothing else. Output only the answer.","Listen to this audio clip of a single musical note. The recording may have been sped up or slowed down. Identify the PITCH of the note as it sounds in the audio. What is the main pitch frequency, expressed in Hertz? Reply with ONLY a number (the frequency in Hz). Nothing else. Output only the answer."
stretch_2x,stretch,2.0,72,C5,piano,instrument,72,1,0,0,0,0,C5,C6,0,1,0,do,sol#,0,0,0,1,C6,sol#,10,/home/hsnu2/PitchBench/data/analysis_audio/pitchbench_e4_time_stretching/C5_piano_3000ms_stretch_2p00x.wav,C5_piano_3000ms_stretch_2p00x.wav,Listen to this audio clip of a single musical note. The recording may have been sped up or slowed down. Identify the PITCH of the note as it sounds in the audio. What is the MIDI note number (an integer from 0 to 127)? Reply with ONLY the integer. Nothing else. Output only the answer.,"Listen to this audio clip of a single musical note. The recording may have been sped up or slowed down. Identify the PITCH of the note as it sounds in the audio. What is the note name and octave? Reply with ONLY the note name in Scientific Pitch Notation (e.g. C4, F#3, Bb5). Nothing else. Output only the answer.","Listen to this audio clip of a single musical note. The recording may have been sped up or slowed down. Identify the PITCH of the note as it sounds in the audio. What is the solfege syllable and accidental (if needed) of this pitch? Use fixed-do (do=C, re=D, mi=E, fa=F, sol=G, la=A, si=B). Include sharps or flats when needed (e.g. do#, reb, fa#, sib). Do NOT include the octave. Reply with ONLY the syllable and accidental (if needed). Nothing else. Output only the answer.","Listen to this audio clip of a single musical note. The recording may have been sped up or slowed down. Identify the PITCH of the note as it sounds in the audio. What is the main pitch frequency, expressed in Hertz? Reply with ONLY a number (the frequency in Hz). Nothing else. Output only the answer."
stretch_2x,stretch,2.0,77,F5,piano,instrument,77,61,0,0,0,0,F5,,0,0,0,fa,sol#,0,0,0,61,F,sol#,110,/home/hsnu2/PitchBench/data/analysis_audio/pitchbench_e4_time_stretching/F5_piano_3000ms_stretch_2p00x.wav,F5_piano_3000ms_stretch_2p00x.wav,Listen to this audio clip of a single musical note. The recording may have been sped up or slowed down. Identify the PITCH of the note as it sounds in the audio. What is the MIDI note number (an integer from 0 to 127)? Reply with ONLY the integer. Nothing else. Output only the answer.,"Listen to this audio clip of a single musical note. The recording may have been sped up or slowed down. Identify the PITCH of the note as it sounds in the audio. What is the note name and octave? Reply with ONLY the note name in Scientific Pitch Notation (e.g. C4, F#3, Bb5). Nothing else. Output only the answer.","Listen to this audio clip of a single musical note. The recording may have been sped up or slowed down. Identify the PITCH of the note as it sounds in the audio. What is the solfege syllable and accidental (if needed) of this pitch? Use fixed-do (do=C, re=D, mi=E, fa=F, sol=G, la=A, si=B). Include sharps or flats when needed (e.g. do#, reb, fa#, sib). Do NOT include the octave. Reply with ONLY the syllable and accidental (if needed). Nothing else. Output only the answer.","Listen to this audio clip of a single musical note. The recording may have been sped up or slowed down. Identify the PITCH of the note as it sounds in the audio. What is the main pitch frequency, expressed in Hertz? Reply with ONLY a number (the frequency in Hz). Nothing else. Output only the answer."
stretch_2x,stretch,2.0,84,C6,piano,instrument,84,10,0,0,0,0,C6,C6,1,1,1,do,do#,0,1,1,10,C6,do#,1046,/home/hsnu2/PitchBench/data/analysis_audio/pitchbench_e4_time_stretching/C6_piano_3000ms_stretch_2p00x.wav,C6_piano_3000ms_stretch_2p00x.wav,Listen to this audio clip of a single musical note. The recording may have been sped up or slowed down. Identify the PITCH of the note as it sounds in the audio. What is the MIDI note number (an integer from 0 to 127)? Reply with ONLY the integer. Nothing else. Output only the answer.,"Listen to this audio clip of a single musical note. The recording may have been sped up or slowed down. Identify the PITCH of the note as it sounds in the audio. What is the note name and octave? Reply with ONLY the note name in Scientific Pitch Notation (e.g. C4, F#3, Bb5). Nothing else. Output only the answer.","Listen to this audio clip of a single musical note. The recording may have been sped up or slowed down. Identify the PITCH of the note as it sounds in the audio. What is the solfege syllable and accidental (if needed) of this pitch? Use fixed-do (do=C, re=D, mi=E, fa=F, sol=G, la=A, si=B). Include sharps or flats when needed (e.g. do#, reb, fa#, sib). Do NOT include the octave. Reply with ONLY the syllable and accidental (if needed). Nothing else. Output only the answer.","Listen to this audio clip of a single musical note. The recording may have been sped up or slowed down. Identify the PITCH of the note as it sounds in the audio. What is the main pitch frequency, expressed in Hertz? Reply with ONLY a number (the frequency in Hz). Nothing else. Output only the answer."
resample_0.5x,resample,0.5,36,C2,voice,instrument,48,6,0,0,0,0,C3,A4,0,0,0,do,sol#,0,0,0,6,A4,sol#,174.6,/home/hsnu2/PitchBench/data/analysis_audio/pitchbench_e4_time_stretching/C2_voice_3000ms_resample_0p50x.wav,C2_voice_3000ms_resample_0p50x.wav,Listen to this audio clip of a single musical note. The recording may have been sped up or slowed down. Identify the PITCH of the note as it sounds in the audio. What is the MIDI note number (an integer from 0 to 127)? Reply with ONLY the integer. Nothing else. Output only the answer.,"Listen to this audio clip of a single musical note. The recording may have been sped up or slowed down. Identify the PITCH of the note as it sounds in the audio. What is the note name and octave? Reply with ONLY the note name in Scientific Pitch Notation (e.g. C4, F#3, Bb5). Nothing else. Output only the answer.","Listen to this audio clip of a single musical note. The recording may have been sped up or slowed down. Identify the PITCH of the note as it sounds in the audio. What is the solfege syllable and accidental (if needed) of this pitch? Use fixed-do (do=C, re=D, mi=E, fa=F, sol=G, la=A, si=B). Include sharps or flats when needed (e.g. do#, reb, fa#, sib). Do NOT include the octave. Reply with ONLY the syllable and accidental (if needed). Nothing else. Output only the answer.","Listen to this audio clip of a single musical note. The recording may have been sped up or slowed down. Identify the PITCH of the note as it sounds in the audio. What is the main pitch frequency, expressed in Hertz? Reply with ONLY a number (the frequency in Hz). Nothing else. Output only the answer."
resample_0.5x,resample,0.5,43,G2,voice,instrument,55,81,0,0,0,0,G3,A4,0,0,0,sol,sol#,0,0,0,81,A4,sol#,104,/home/hsnu2/PitchBench/data/analysis_audio/pitchbench_e4_time_stretching/G2_voice_3000ms_resample_0p50x.wav,G2_voice_3000ms_resample_0p50x.wav,Listen to this audio clip of a single musical note. The recording may have been sped up or slowed down. Identify the PITCH of the note as it sounds in the audio. What is the MIDI note number (an integer from 0 to 127)? Reply with ONLY the integer. Nothing else. Output only the answer.,"Listen to this audio clip of a single musical note. The recording may have been sped up or slowed down. Identify the PITCH of the note as it sounds in the audio. What is the note name and octave? Reply with ONLY the note name in Scientific Pitch Notation (e.g. C4, F#3, Bb5). Nothing else. Output only the answer.","Listen to this audio clip of a single musical note. The recording may have been sped up or slowed down. Identify the PITCH of the note as it sounds in the audio. What is the solfege syllable and accidental (if needed) of this pitch? Use fixed-do (do=C, re=D, mi=E, fa=F, sol=G, la=A, si=B). Include sharps or flats when needed (e.g. do#, reb, fa#, sib). Do NOT include the octave. Reply with ONLY the syllable and accidental (if needed). Nothing else. Output only the answer.","Listen to this audio clip of a single musical note. The recording may have been sped up or slowed down. Identify the PITCH of the note as it sounds in the audio. What is the main pitch frequency, expressed in Hertz? Reply with ONLY a number (the frequency in Hz). Nothing else. Output only the answer."
resample_0.5x,resample,0.5,48,C3,voice,instrument,60,68,0,0,0,1,C4,G#5,0,0,0,do,sol,0,0,0,68,G#5,sol,1108.7,/home/hsnu2/PitchBench/data/analysis_audio/pitchbench_e4_time_stretching/C3_voice_3000ms_resample_0p50x.wav,C3_voice_3000ms_resample_0p50x.wav,Listen to this audio clip of a single musical note. The recording may have been sped up or slowed down. Identify the PITCH of the note as it sounds in the audio. What is the MIDI note number (an integer from 0 to 127)? Reply with ONLY the integer. Nothing else. Output only the answer.,"Listen to this audio clip of a single musical note. The recording may have been sped up or slowed down. Identify the PITCH of the note as it sounds in the audio. What is the note name and octave? Reply with ONLY the note name in Scientific Pitch Notation (e.g. C4, F#3, Bb5). Nothing else. Output only the answer.","Listen to this audio clip of a single musical note. The recording may have been sped up or slowed down. Identify the PITCH of the note as it sounds in the audio. What is the solfege syllable and accidental (if needed) of this pitch? Use fixed-do (do=C, re=D, mi=E, fa=F, sol=G, la=A, si=B). Include sharps or flats when needed (e.g. do#, reb, fa#, sib). Do NOT include the octave. Reply with ONLY the syllable and accidental (if needed). Nothing else. Output only the answer.","Listen to this audio clip of a single musical note. The recording may have been sped up or slowed down. Identify the PITCH of the note as it sounds in the audio. What is the main pitch frequency, expressed in Hertz? Reply with ONLY a number (the frequency in Hz). Nothing else. Output only the answer."
resample_0.5x,resample,0.5,54,F#3,voice,instrument,66,101,0,0,0,0,F#4,A5,0,0,0,fa#,fa#,1,0,0,101,A5,fa#,1046,/home/hsnu2/PitchBench/data/analysis_audio/pitchbench_e4_time_stretching/Fs3_voice_3000ms_resample_0p50x.wav,Fs3_voice_3000ms_resample_0p50x.wav,Listen to this audio clip of a single musical note. The recording may have been sped up or slowed down. Identify the PITCH of the note as it sounds in the audio. What is the MIDI note number (an integer from 0 to 127)? Reply with ONLY the integer. Nothing else. Output only the answer.,"Listen to this audio clip of a single musical note. The recording may have been sped up or slowed down. Identify the PITCH of the note as it sounds in the audio. What is the note name and octave? Reply with ONLY the note name in Scientific Pitch Notation (e.g. C4, F#3, Bb5). Nothing else. Output only the answer.","Listen to this audio clip of a single musical note. The recording may have been sped up or slowed down. Identify the PITCH of the note as it sounds in the audio. What is the solfege syllable and accidental (if needed) of this pitch? Use fixed-do (do=C, re=D, mi=E, fa=F, sol=G, la=A, si=B). Include sharps or flats when needed (e.g. do#, reb, fa#, sib). Do NOT include the octave. Reply with ONLY the syllable and accidental (if needed). Nothing else. Output only the answer.","Listen to this audio clip of a single musical note. The recording may have been sped up or slowed down. Identify the PITCH of the note as it sounds in the audio. What is the main pitch frequency, expressed in Hertz? Reply with ONLY a number (the frequency in Hz). Nothing else. Output only the answer."
resample_0.5x,resample,0.5,58,A#3,voice,instrument,70,84,0,0,0,0,A#4,F#5,0,0,0,la#,sol#,0,0,0,84,F#5,sol#,1046.,/home/hsnu2/PitchBench/data/analysis_audio/pitchbench_e4_time_stretching/As3_voice_3000ms_resample_0p50x.wav,As3_voice_3000ms_resample_0p50x.wav,Listen to this audio clip of a single musical note. The recording may have been sped up or slowed down. Identify the PITCH of the note as it sounds in the audio. What is the MIDI note number (an integer from 0 to 127)? Reply with ONLY the integer. Nothing else. Output only the answer.,"Listen to this audio clip of a single musical note. The recording may have been sped up or slowed down. Identify the PITCH of the note as it sounds in the audio. What is the note name and octave? Reply with ONLY the note name in Scientific Pitch Notation (e.g. C4, F#3, Bb5). Nothing else. Output only the answer.","Listen to this audio clip of a single musical note. The recording may have been sped up or slowed down. Identify the PITCH of the note as it sounds in the audio. What is the solfege syllable and accidental (if needed) of this pitch? Use fixed-do (do=C, re=D, mi=E, fa=F, sol=G, la=A, si=B). Include sharps or flats when needed (e.g. do#, reb, fa#, sib). Do NOT include the octave. Reply with ONLY the syllable and accidental (if needed). Nothing else. Output only the answer.","Listen to this audio clip of a single musical note. The recording may have been sped up or slowed down. Identify the PITCH of the note as it sounds in the audio. What is the main pitch frequency, expressed in Hertz? Reply with ONLY a number (the frequency in Hz). Nothing else. Output only the answer."
resample_0.5x,resample,0.5,60,C4,voice,instrument,72,88,0,0,0,0,C5,C6,0,1,0,do,do#,0,0,0,88,C6,do#,104,/home/hsnu2/PitchBench/data/analysis_audio/pitchbench_e4_time_stretching/C4_voice_3000ms_resample_0p50x.wav,C4_voice_3000ms_resample_0p50x.wav,Listen to this audio clip of a single musical note. The recording may have been sped up or slowed down. Identify the PITCH of the note as it sounds in the audio. What is the MIDI note number (an integer from 0 to 127)? Reply with ONLY the integer. Nothing else. Output only the answer.,"Listen to this audio clip of a single musical note. The recording may have been sped up or slowed down. Identify the PITCH of the note as it sounds in the audio. What is the note name and octave? Reply with ONLY the note name in Scientific Pitch Notation (e.g. C4, F#3, Bb5). Nothing else. Output only the answer.","Listen to this audio clip of a single musical note. The recording may have been sped up or slowed down. Identify the PITCH of the note as it sounds in the audio. What is the solfege syllable and accidental (if needed) of this pitch? Use fixed-do (do=C, re=D, mi=E, fa=F, sol=G, la=A, si=B). Include sharps or flats when needed (e.g. do#, reb, fa#, sib). Do NOT include the octave. Reply with ONLY the syllable and accidental (if needed). Nothing else. Output only the answer.","Listen to this audio clip of a single musical note. The recording may have been sped up or slowed down. Identify the PITCH of the note as it sounds in the audio. What is the main pitch frequency, expressed in Hertz? Reply with ONLY a number (the frequency in Hz). Nothing else. Output only the answer."
resample_0.5x,resample,0.5,64,E4,voice,instrument,76,88,0,0,1,0,E5,E6,0,1,0,mi,sol,0,0,0,88,E6,sol,1046,/home/hsnu2/PitchBench/data/analysis_audio/pitchbench_e4_time_stretching/E4_voice_3000ms_resample_0p50x.wav,E4_voice_3000ms_resample_0p50x.wav,Listen to this audio clip of a single musical note. The recording may have been sped up or slowed down. Identify the PITCH of the note as it sounds in the audio. What is the MIDI note number (an integer from 0 to 127)? Reply with ONLY the integer. Nothing else. Output only the answer.,"Listen to this audio clip of a single musical note. The recording may have been sped up or slowed down. Identify the PITCH of the note as it sounds in the audio. What is the note name and octave? Reply with ONLY the note name in Scientific Pitch Notation (e.g. C4, F#3, Bb5). Nothing else. Output only the answer.","Listen to this audio clip of a single musical note. The recording may have been sped up or slowed down. Identify the PITCH of the note as it sounds in the audio. What is the solfege syllable and accidental (if needed) of this pitch? Use fixed-do (do=C, re=D, mi=E, fa=F, sol=G, la=A, si=B). Include sharps or flats when needed (e.g. do#, reb, fa#, sib). Do NOT include the octave. Reply with ONLY the syllable and accidental (if needed). Nothing else. Output only the answer.","Listen to this audio clip of a single musical note. The recording may have been sped up or slowed down. Identify the PITCH of the note as it sounds in the audio. What is the main pitch frequency, expressed in Hertz? Reply with ONLY a number (the frequency in Hz). Nothing else. Output only the answer."
resample_0.5x,resample,0.5,67,G4,voice,instrument,79,76,0,0,0,1,G5,G#5,0,0,1,sol,sol#,0,0,0,76,G#5,sol#,830,/home/hsnu2/PitchBench/data/analysis_audio/pitchbench_e4_time_stretching/G4_voice_3000ms_resample_0p50x.wav,G4_voice_3000ms_resample_0p50x.wav,Listen to this audio clip of a single musical note. The recording may have been sped up or slowed down. Identify the PITCH of the note as it sounds in the audio. What is the MIDI note number (an integer from 0 to 127)? Reply with ONLY the integer. Nothing else. Output only the answer.,"Listen to this audio clip of a single musical note. The recording may have been sped up or slowed down. Identify the PITCH of the note as it sounds in the audio. What is the note name and octave? Reply with ONLY the note name in Scientific Pitch Notation (e.g. C4, F#3, Bb5). Nothing else. Output only the answer.","Listen to this audio clip of a single musical note. The recording may have been sped up or slowed down. Identify the PITCH of the note as it sounds in the audio. What is the solfege syllable and accidental (if needed) of this pitch? Use fixed-do (do=C, re=D, mi=E, fa=F, sol=G, la=A, si=B). Include sharps or flats when needed (e.g. do#, reb, fa#, sib). Do NOT include the octave. Reply with ONLY the syllable and accidental (if needed). Nothing else. Output only the answer.","Listen to this audio clip of a single musical note. The recording may have been sped up or slowed down. Identify the PITCH of the note as it sounds in the audio. What is the main pitch frequency, expressed in Hertz? Reply with ONLY a number (the frequency in Hz). Nothing else. Output only the answer."
resample_0.5x,resample,0.5,69,A4,voice,instrument,81,,0,0,0,0,A5,F6,0,0,0,la,fa#,0,0,0,* I don',F6,fa#,104,/home/hsnu2/PitchBench/data/analysis_audio/pitchbench_e4_time_stretching/A4_voice_3000ms_resample_0p50x.wav,A4_voice_3000ms_resample_0p50x.wav,Listen to this audio clip of a single musical note. The recording may have been sped up or slowed down. Identify the PITCH of the note as it sounds in the audio. What is the MIDI note number (an integer from 0 to 127)? Reply with ONLY the integer. Nothing else. Output only the answer.,"Listen to this audio clip of a single musical note. The recording may have been sped up or slowed down. Identify the PITCH of the note as it sounds in the audio. What is the note name and octave? Reply with ONLY the note name in Scientific Pitch Notation (e.g. C4, F#3, Bb5). Nothing else. Output only the answer.","Listen to this audio clip of a single musical note. The recording may have been sped up or slowed down. Identify the PITCH of the note as it sounds in the audio. What is the solfege syllable and accidental (if needed) of this pitch? Use fixed-do (do=C, re=D, mi=E, fa=F, sol=G, la=A, si=B). Include sharps or flats when needed (e.g. do#, reb, fa#, sib). Do NOT include the octave. Reply with ONLY the syllable and accidental (if needed). Nothing else. Output only the answer.","Listen to this audio clip of a single musical note. The recording may have been sped up or slowed down. Identify the PITCH of the note as it sounds in the audio. What is the main pitch frequency, expressed in Hertz? Reply with ONLY a number (the frequency in Hz). Nothing else. Output only the answer."
resample_0.5x,resample,0.5,72,C5,voice,instrument,84,101,0,0,0,0,C6,C7,0,1,0,do,sol#,0,1,1,101,C7,sol#,1046,/home/hsnu2/PitchBench/data/analysis_audio/pitchbench_e4_time_stretching/C5_voice_3000ms_resample_0p50x.wav,C5_voice_3000ms_resample_0p50x.wav,Listen to this audio clip of a single musical note. The recording may have been sped up or slowed down. Identify the PITCH of the note as it sounds in the audio. What is the MIDI note number (an integer from 0 to 127)? Reply with ONLY the integer. Nothing else. Output only the answer.,"Listen to this audio clip of a single musical note. The recording may have been sped up or slowed down. Identify the PITCH of the note as it sounds in the audio. What is the note name and octave? Reply with ONLY the note name in Scientific Pitch Notation (e.g. C4, F#3, Bb5). Nothing else. Output only the answer.","Listen to this audio clip of a single musical note. The recording may have been sped up or slowed down. Identify the PITCH of the note as it sounds in the audio. What is the solfege syllable and accidental (if needed) of this pitch? Use fixed-do (do=C, re=D, mi=E, fa=F, sol=G, la=A, si=B). Include sharps or flats when needed (e.g. do#, reb, fa#, sib). Do NOT include the octave. Reply with ONLY the syllable and accidental (if needed). Nothing else. Output only the answer.","Listen to this audio clip of a single musical note. The recording may have been sped up or slowed down. Identify the PITCH of the note as it sounds in the audio. What is the main pitch frequency, expressed in Hertz? Reply with ONLY a number (the frequency in Hz). Nothing else. Output only the answer."
resample_0.5x,resample,0.5,77,F5,voice,instrument,89,,0,0,0,0,F6,C7,0,0,0,fa,sol#,0,0,0,C6 is ~,C7,sol#,1108.7,/home/hsnu2/PitchBench/data/analysis_audio/pitchbench_e4_time_stretching/F5_voice_3000ms_resample_0p50x.wav,F5_voice_3000ms_resample_0p50x.wav,Listen to this audio clip of a single musical note. The recording may have been sped up or slowed down. Identify the PITCH of the note as it sounds in the audio. What is the MIDI note number (an integer from 0 to 127)? Reply with ONLY the integer. Nothing else. Output only the answer.,"Listen to this audio clip of a single musical note. The recording may have been sped up or slowed down. Identify the PITCH of the note as it sounds in the audio. What is the note name and octave? Reply with ONLY the note name in Scientific Pitch Notation (e.g. C4, F#3, Bb5). Nothing else. Output only the answer.","Listen to this audio clip of a single musical note. The recording may have been sped up or slowed down. Identify the PITCH of the note as it sounds in the audio. What is the solfege syllable and accidental (if needed) of this pitch? Use fixed-do (do=C, re=D, mi=E, fa=F, sol=G, la=A, si=B). Include sharps or flats when needed (e.g. do#, reb, fa#, sib). Do NOT include the octave. Reply with ONLY the syllable and accidental (if needed). Nothing else. Output only the answer.","Listen to this audio clip of a single musical note. The recording may have been sped up or slowed down. Identify the PITCH of the note as it sounds in the audio. What is the main pitch frequency, expressed in Hertz? Reply with ONLY a number (the frequency in Hz). Nothing else. Output only the answer."
resample_0.5x,resample,0.5,84,C6,voice,instrument,96,105,0,0,0,1,C7,C7,1,1,1,do,sol#,0,0,1,105,C7,sol#,1046.5,/home/hsnu2/PitchBench/data/analysis_audio/pitchbench_e4_time_stretching/C6_voice_3000ms_resample_0p50x.wav,C6_voice_3000ms_resample_0p50x.wav,Listen to this audio clip of a single musical note. The recording may have been sped up or slowed down. Identify the PITCH of the note as it sounds in the audio. What is the MIDI note number (an integer from 0 to 127)? Reply with ONLY the integer. Nothing else. Output only the answer.,"Listen to this audio clip of a single musical note. The recording may have been sped up or slowed down. Identify the PITCH of the note as it sounds in the audio. What is the note name and octave? Reply with ONLY the note name in Scientific Pitch Notation (e.g. C4, F#3, Bb5). Nothing else. Output only the answer.","Listen to this audio clip of a single musical note. The recording may have been sped up or slowed down. Identify the PITCH of the note as it sounds in the audio. What is the solfege syllable and accidental (if needed) of this pitch? Use fixed-do (do=C, re=D, mi=E, fa=F, sol=G, la=A, si=B). Include sharps or flats when needed (e.g. do#, reb, fa#, sib). Do NOT include the octave. Reply with ONLY the syllable and accidental (if needed). Nothing else. Output only the answer.","Listen to this audio clip of a single musical note. The recording may have been sped up or slowed down. Identify the PITCH of the note as it sounds in the audio. What is the main pitch frequency, expressed in Hertz? Reply with ONLY a number (the frequency in Hz). Nothing else. Output only the answer."
resample_2x,resample,2.0,36,C2,voice,instrument,24,29,0,0,0,1,C1,,0,0,0,do,sol#,0,0,0,29,/synth-like bass note,sol#,65.,/home/hsnu2/PitchBench/data/analysis_audio/pitchbench_e4_time_stretching/C2_voice_3000ms_resample_2p00x.wav,C2_voice_3000ms_resample_2p00x.wav,Listen to this audio clip of a single musical note. The recording may have been sped up or slowed down. Identify the PITCH of the note as it sounds in the audio. What is the MIDI note number (an integer from 0 to 127)? Reply with ONLY the integer. Nothing else. Output only the answer.,"Listen to this audio clip of a single musical note. The recording may have been sped up or slowed down. Identify the PITCH of the note as it sounds in the audio. What is the note name and octave? Reply with ONLY the note name in Scientific Pitch Notation (e.g. C4, F#3, Bb5). Nothing else. Output only the answer.","Listen to this audio clip of a single musical note. The recording may have been sped up or slowed down. Identify the PITCH of the note as it sounds in the audio. What is the solfege syllable and accidental (if needed) of this pitch? Use fixed-do (do=C, re=D, mi=E, fa=F, sol=G, la=A, si=B). Include sharps or flats when needed (e.g. do#, reb, fa#, sib). Do NOT include the octave. Reply with ONLY the syllable and accidental (if needed). Nothing else. Output only the answer.","Listen to this audio clip of a single musical note. The recording may have been sped up or slowed down. Identify the PITCH of the note as it sounds in the audio. What is the main pitch frequency, expressed in Hertz? Reply with ONLY a number (the frequency in Hz). Nothing else. Output only the answer."
resample_2x,resample,2.0,43,G2,voice,instrument,31,,0,0,0,0,G1,F2,0,0,0,sol,sol#,0,0,0,(Wait,F2,sol#,65,/home/hsnu2/PitchBench/data/analysis_audio/pitchbench_e4_time_stretching/G2_voice_3000ms_resample_2p00x.wav,G2_voice_3000ms_resample_2p00x.wav,Listen to this audio clip of a single musical note. The recording may have been sped up or slowed down. Identify the PITCH of the note as it sounds in the audio. What is the MIDI note number (an integer from 0 to 127)? Reply with ONLY the integer. Nothing else. Output only the answer.,"Listen to this audio clip of a single musical note. The recording may have been sped up or slowed down. Identify the PITCH of the note as it sounds in the audio. What is the note name and octave? Reply with ONLY the note name in Scientific Pitch Notation (e.g. C4, F#3, Bb5). Nothing else. Output only the answer.","Listen to this audio clip of a single musical note. The recording may have been sped up or slowed down. Identify the PITCH of the note as it sounds in the audio. What is the solfege syllable and accidental (if needed) of this pitch? Use fixed-do (do=C, re=D, mi=E, fa=F, sol=G, la=A, si=B). Include sharps or flats when needed (e.g. do#, reb, fa#, sib). Do NOT include the octave. Reply with ONLY the syllable and accidental (if needed). Nothing else. Output only the answer.","Listen to this audio clip of a single musical note. The recording may have been sped up or slowed down. Identify the PITCH of the note as it sounds in the audio. What is the main pitch frequency, expressed in Hertz? Reply with ONLY a number (the frequency in Hz). Nothing else. Output only the answer."
resample_2x,resample,2.0,48,C3,voice,instrument,36,41,0,0,0,1,C2,F2,0,0,1,do,sol#,0,0,0,41,F2,sol#,41,/home/hsnu2/PitchBench/data/analysis_audio/pitchbench_e4_time_stretching/C3_voice_3000ms_resample_2p00x.wav,C3_voice_3000ms_resample_2p00x.wav,Listen to this audio clip of a single musical note. The recording may have been sped up or slowed down. Identify the PITCH of the note as it sounds in the audio. What is the MIDI note number (an integer from 0 to 127)? Reply with ONLY the integer. Nothing else. Output only the answer.,"Listen to this audio clip of a single musical note. The recording may have been sped up or slowed down. Identify the PITCH of the note as it sounds in the audio. What is the note name and octave? Reply with ONLY the note name in Scientific Pitch Notation (e.g. C4, F#3, Bb5). Nothing else. Output only the answer.","Listen to this audio clip of a single musical note. The recording may have been sped up or slowed down. Identify the PITCH of the note as it sounds in the audio. What is the solfege syllable and accidental (if needed) of this pitch? Use fixed-do (do=C, re=D, mi=E, fa=F, sol=G, la=A, si=B). Include sharps or flats when needed (e.g. do#, reb, fa#, sib). Do NOT include the octave. Reply with ONLY the syllable and accidental (if needed). Nothing else. Output only the answer.","Listen to this audio clip of a single musical note. The recording may have been sped up or slowed down. Identify the PITCH of the note as it sounds in the audio. What is the main pitch frequency, expressed in Hertz? Reply with ONLY a number (the frequency in Hz). Nothing else. Output only the answer."
resample_2x,resample,2.0,54,F#3,voice,instrument,42,22,0,0,0,0,F#2,F1,0,0,0,fa#,sol#,0,0,0,22,F1,sol#,65.4,/home/hsnu2/PitchBench/data/analysis_audio/pitchbench_e4_time_stretching/Fs3_voice_3000ms_resample_2p00x.wav,Fs3_voice_3000ms_resample_2p00x.wav,Listen to this audio clip of a single musical note. The recording may have been sped up or slowed down. Identify the PITCH of the note as it sounds in the audio. What is the MIDI note number (an integer from 0 to 127)? Reply with ONLY the integer. Nothing else. Output only the answer.,"Listen to this audio clip of a single musical note. The recording may have been sped up or slowed down. Identify the PITCH of the note as it sounds in the audio. What is the note name and octave? Reply with ONLY the note name in Scientific Pitch Notation (e.g. C4, F#3, Bb5). Nothing else. Output only the answer.","Listen to this audio clip of a single musical note. The recording may have been sped up or slowed down. Identify the PITCH of the note as it sounds in the audio. What is the solfege syllable and accidental (if needed) of this pitch? Use fixed-do (do=C, re=D, mi=E, fa=F, sol=G, la=A, si=B). Include sharps or flats when needed (e.g. do#, reb, fa#, sib). Do NOT include the octave. Reply with ONLY the syllable and accidental (if needed). Nothing else. Output only the answer.","Listen to this audio clip of a single musical note. The recording may have been sped up or slowed down. Identify the PITCH of the note as it sounds in the audio. What is the main pitch frequency, expressed in Hertz? Reply with ONLY a number (the frequency in Hz). Nothing else. Output only the answer."
resample_2x,resample,2.0,58,A#3,voice,instrument,46,34,0,0,1,0,A#2,F2,0,0,1,la#,,0,0,0,34,F2,Listen to the audio clip,65.41,/home/hsnu2/PitchBench/data/analysis_audio/pitchbench_e4_time_stretching/As3_voice_3000ms_resample_2p00x.wav,As3_voice_3000ms_resample_2p00x.wav,Listen to this audio clip of a single musical note. The recording may have been sped up or slowed down. Identify the PITCH of the note as it sounds in the audio. What is the MIDI note number (an integer from 0 to 127)? Reply with ONLY the integer. Nothing else. Output only the answer.,"Listen to this audio clip of a single musical note. The recording may have been sped up or slowed down. Identify the PITCH of the note as it sounds in the audio. What is the note name and octave? Reply with ONLY the note name in Scientific Pitch Notation (e.g. C4, F#3, Bb5). Nothing else. Output only the answer.","Listen to this audio clip of a single musical note. The recording may have been sped up or slowed down. Identify the PITCH of the note as it sounds in the audio. What is the solfege syllable and accidental (if needed) of this pitch? Use fixed-do (do=C, re=D, mi=E, fa=F, sol=G, la=A, si=B). Include sharps or flats when needed (e.g. do#, reb, fa#, sib). Do NOT include the octave. Reply with ONLY the syllable and accidental (if needed). Nothing else. Output only the answer.","Listen to this audio clip of a single musical note. The recording may have been sped up or slowed down. Identify the PITCH of the note as it sounds in the audio. What is the main pitch frequency, expressed in Hertz? Reply with ONLY a number (the frequency in Hz). Nothing else. Output only the answer."
resample_2x,resample,2.0,60,C4,voice,instrument,48,25,0,0,0,0,C3,F2,0,0,0,do,,0,0,0,25,F2,Listen to the audio,65.41,/home/hsnu2/PitchBench/data/analysis_audio/pitchbench_e4_time_stretching/C4_voice_3000ms_resample_2p00x.wav,C4_voice_3000ms_resample_2p00x.wav,Listen to this audio clip of a single musical note. The recording may have been sped up or slowed down. Identify the PITCH of the note as it sounds in the audio. What is the MIDI note number (an integer from 0 to 127)? Reply with ONLY the integer. Nothing else. Output only the answer.,"Listen to this audio clip of a single musical note. The recording may have been sped up or slowed down. Identify the PITCH of the note as it sounds in the audio. What is the note name and octave? Reply with ONLY the note name in Scientific Pitch Notation (e.g. C4, F#3, Bb5). Nothing else. Output only the answer.","Listen to this audio clip of a single musical note. The recording may have been sped up or slowed down. Identify the PITCH of the note as it sounds in the audio. What is the solfege syllable and accidental (if needed) of this pitch? Use fixed-do (do=C, re=D, mi=E, fa=F, sol=G, la=A, si=B). Include sharps or flats when needed (e.g. do#, reb, fa#, sib). Do NOT include the octave. Reply with ONLY the syllable and accidental (if needed). Nothing else. Output only the answer.","Listen to this audio clip of a single musical note. The recording may have been sped up or slowed down. Identify the PITCH of the note as it sounds in the audio. What is the main pitch frequency, expressed in Hertz? Reply with ONLY a number (the frequency in Hz). Nothing else. Output only the answer."
resample_2x,resample,2.0,64,E4,voice,instrument,52,36,0,0,0,0,E3,G#4,0,0,0,mi,sol#,0,0,0,36,G#4,sol#,523.2,/home/hsnu2/PitchBench/data/analysis_audio/pitchbench_e4_time_stretching/E4_voice_3000ms_resample_2p00x.wav,E4_voice_3000ms_resample_2p00x.wav,Listen to this audio clip of a single musical note. The recording may have been sped up or slowed down. Identify the PITCH of the note as it sounds in the audio. What is the MIDI note number (an integer from 0 to 127)? Reply with ONLY the integer. Nothing else. Output only the answer.,"Listen to this audio clip of a single musical note. The recording may have been sped up or slowed down. Identify the PITCH of the note as it sounds in the audio. What is the note name and octave? Reply with ONLY the note name in Scientific Pitch Notation (e.g. C4, F#3, Bb5). Nothing else. Output only the answer.","Listen to this audio clip of a single musical note. The recording may have been sped up or slowed down. Identify the PITCH of the note as it sounds in the audio. What is the solfege syllable and accidental (if needed) of this pitch? Use fixed-do (do=C, re=D, mi=E, fa=F, sol=G, la=A, si=B). Include sharps or flats when needed (e.g. do#, reb, fa#, sib). Do NOT include the octave. Reply with ONLY the syllable and accidental (if needed). Nothing else. Output only the answer.","Listen to this audio clip of a single musical note. The recording may have been sped up or slowed down. Identify the PITCH of the note as it sounds in the audio. What is the main pitch frequency, expressed in Hertz? Reply with ONLY a number (the frequency in Hz). Nothing else. Output only the answer."
resample_2x,resample,2.0,67,G4,voice,instrument,55,68,0,0,0,0,G3,F#4,0,0,0,sol,,0,0,0,68,F#4,examples,130.81,/home/hsnu2/PitchBench/data/analysis_audio/pitchbench_e4_time_stretching/G4_voice_3000ms_resample_2p00x.wav,G4_voice_3000ms_resample_2p00x.wav,Listen to this audio clip of a single musical note. The recording may have been sped up or slowed down. Identify the PITCH of the note as it sounds in the audio. What is the MIDI note number (an integer from 0 to 127)? Reply with ONLY the integer. Nothing else. Output only the answer.,"Listen to this audio clip of a single musical note. The recording may have been sped up or slowed down. Identify the PITCH of the note as it sounds in the audio. What is the note name and octave? Reply with ONLY the note name in Scientific Pitch Notation (e.g. C4, F#3, Bb5). Nothing else. Output only the answer.","Listen to this audio clip of a single musical note. The recording may have been sped up or slowed down. Identify the PITCH of the note as it sounds in the audio. What is the solfege syllable and accidental (if needed) of this pitch? Use fixed-do (do=C, re=D, mi=E, fa=F, sol=G, la=A, si=B). Include sharps or flats when needed (e.g. do#, reb, fa#, sib). Do NOT include the octave. Reply with ONLY the syllable and accidental (if needed). Nothing else. Output only the answer.","Listen to this audio clip of a single musical note. The recording may have been sped up or slowed down. Identify the PITCH of the note as it sounds in the audio. What is the main pitch frequency, expressed in Hertz? Reply with ONLY a number (the frequency in Hz). Nothing else. Output only the answer."
resample_2x,resample,2.0,69,A4,voice,instrument,57,10,0,0,0,0,A3,F#5,0,0,0,la,sol#,0,0,0,10,F#5,sol#,1046.5,/home/hsnu2/PitchBench/data/analysis_audio/pitchbench_e4_time_stretching/A4_voice_3000ms_resample_2p00x.wav,A4_voice_3000ms_resample_2p00x.wav,Listen to this audio clip of a single musical note. The recording may have been sped up or slowed down. Identify the PITCH of the note as it sounds in the audio. What is the MIDI note number (an integer from 0 to 127)? Reply with ONLY the integer. Nothing else. Output only the answer.,"Listen to this audio clip of a single musical note. The recording may have been sped up or slowed down. Identify the PITCH of the note as it sounds in the audio. What is the note name and octave? Reply with ONLY the note name in Scientific Pitch Notation (e.g. C4, F#3, Bb5). Nothing else. Output only the answer.","Listen to this audio clip of a single musical note. The recording may have been sped up or slowed down. Identify the PITCH of the note as it sounds in the audio. What is the solfege syllable and accidental (if needed) of this pitch? Use fixed-do (do=C, re=D, mi=E, fa=F, sol=G, la=A, si=B). Include sharps or flats when needed (e.g. do#, reb, fa#, sib). Do NOT include the octave. Reply with ONLY the syllable and accidental (if needed). Nothing else. Output only the answer.","Listen to this audio clip of a single musical note. The recording may have been sped up or slowed down. Identify the PITCH of the note as it sounds in the audio. What is the main pitch frequency, expressed in Hertz? Reply with ONLY a number (the frequency in Hz). Nothing else. Output only the answer."
resample_2x,resample,2.0,72,C5,voice,instrument,60,,0,0,0,0,C4,,0,0,0,do,,0,0,0,(Humming,F,examples,1046,/home/hsnu2/PitchBench/data/analysis_audio/pitchbench_e4_time_stretching/C5_voice_3000ms_resample_2p00x.wav,C5_voice_3000ms_resample_2p00x.wav,Listen to this audio clip of a single musical note. The recording may have been sped up or slowed down. Identify the PITCH of the note as it sounds in the audio. What is the MIDI note number (an integer from 0 to 127)? Reply with ONLY the integer. Nothing else. Output only the answer.,"Listen to this audio clip of a single musical note. The recording may have been sped up or slowed down. Identify the PITCH of the note as it sounds in the audio. What is the note name and octave? Reply with ONLY the note name in Scientific Pitch Notation (e.g. C4, F#3, Bb5). Nothing else. Output only the answer.","Listen to this audio clip of a single musical note. The recording may have been sped up or slowed down. Identify the PITCH of the note as it sounds in the audio. What is the solfege syllable and accidental (if needed) of this pitch? Use fixed-do (do=C, re=D, mi=E, fa=F, sol=G, la=A, si=B). Include sharps or flats when needed (e.g. do#, reb, fa#, sib). Do NOT include the octave. Reply with ONLY the syllable and accidental (if needed). Nothing else. Output only the answer.","Listen to this audio clip of a single musical note. The recording may have been sped up or slowed down. Identify the PITCH of the note as it sounds in the audio. What is the main pitch frequency, expressed in Hertz? Reply with ONLY a number (the frequency in Hz). Nothing else. Output only the answer."
resample_2x,resample,2.0,77,F5,voice,instrument,65,19,0,0,0,0,F4,C6,0,0,0,fa,,0,0,0,19,C6,Listen to the audio,10,/home/hsnu2/PitchBench/data/analysis_audio/pitchbench_e4_time_stretching/F5_voice_3000ms_resample_2p00x.wav,F5_voice_3000ms_resample_2p00x.wav,Listen to this audio clip of a single musical note. The recording may have been sped up or slowed down. Identify the PITCH of the note as it sounds in the audio. What is the MIDI note number (an integer from 0 to 127)? Reply with ONLY the integer. Nothing else. Output only the answer.,"Listen to this audio clip of a single musical note. The recording may have been sped up or slowed down. Identify the PITCH of the note as it sounds in the audio. What is the note name and octave? Reply with ONLY the note name in Scientific Pitch Notation (e.g. C4, F#3, Bb5). Nothing else. Output only the answer.","Listen to this audio clip of a single musical note. The recording may have been sped up or slowed down. Identify the PITCH of the note as it sounds in the audio. What is the solfege syllable and accidental (if needed) of this pitch? Use fixed-do (do=C, re=D, mi=E, fa=F, sol=G, la=A, si=B). Include sharps or flats when needed (e.g. do#, reb, fa#, sib). Do NOT include the octave. Reply with ONLY the syllable and accidental (if needed). Nothing else. Output only the answer.","Listen to this audio clip of a single musical note. The recording may have been sped up or slowed down. Identify the PITCH of the note as it sounds in the audio. What is the main pitch frequency, expressed in Hertz? Reply with ONLY a number (the frequency in Hz). Nothing else. Output only the answer."
resample_2x,resample,2.0,84,C6,voice,instrument,72,96,0,0,1,0,C5,F#6,0,0,0,do,sol#,0,0,0,96,F#6,sol#,1046.5,/home/hsnu2/PitchBench/data/analysis_audio/pitchbench_e4_time_stretching/C6_voice_3000ms_resample_2p00x.wav,C6_voice_3000ms_resample_2p00x.wav,Listen to this audio clip of a single musical note. The recording may have been sped up or slowed down. Identify the PITCH of the note as it sounds in the audio. What is the MIDI note number (an integer from 0 to 127)? Reply with ONLY the integer. Nothing else. Output only the answer.,"Listen to this audio clip of a single musical note. The recording may have been sped up or slowed down. Identify the PITCH of the note as it sounds in the audio. What is the note name and octave? Reply with ONLY the note name in Scientific Pitch Notation (e.g. C4, F#3, Bb5). Nothing else. Output only the answer.","Listen to this audio clip of a single musical note. The recording may have been sped up or slowed down. Identify the PITCH of the note as it sounds in the audio. What is the solfege syllable and accidental (if needed) of this pitch? Use fixed-do (do=C, re=D, mi=E, fa=F, sol=G, la=A, si=B). Include sharps or flats when needed (e.g. do#, reb, fa#, sib). Do NOT include the octave. Reply with ONLY the syllable and accidental (if needed). Nothing else. Output only the answer.","Listen to this audio clip of a single musical note. The recording may have been sped up or slowed down. Identify the PITCH of the note as it sounds in the audio. What is the main pitch frequency, expressed in Hertz? Reply with ONLY a number (the frequency in Hz). Nothing else. Output only the answer."
stretch_0.5x,stretch,0.5,36,C2,voice,instrument,36,61,0,0,0,0,C2,C2,1,1,1,do,sol#,0,0,1,61,C2,sol#,87.31,/home/hsnu2/PitchBench/data/analysis_audio/pitchbench_e4_time_stretching/C2_voice_3000ms_stretch_0p50x.wav,C2_voice_3000ms_stretch_0p50x.wav,Listen to this audio clip of a single musical note. The recording may have been sped up or slowed down. Identify the PITCH of the note as it sounds in the audio. What is the MIDI note number (an integer from 0 to 127)? Reply with ONLY the integer. Nothing else. Output only the answer.,"Listen to this audio clip of a single musical note. The recording may have been sped up or slowed down. Identify the PITCH of the note as it sounds in the audio. What is the note name and octave? Reply with ONLY the note name in Scientific Pitch Notation (e.g. C4, F#3, Bb5). Nothing else. Output only the answer.","Listen to this audio clip of a single musical note. The recording may have been sped up or slowed down. Identify the PITCH of the note as it sounds in the audio. What is the solfege syllable and accidental (if needed) of this pitch? Use fixed-do (do=C, re=D, mi=E, fa=F, sol=G, la=A, si=B). Include sharps or flats when needed (e.g. do#, reb, fa#, sib). Do NOT include the octave. Reply with ONLY the syllable and accidental (if needed). Nothing else. Output only the answer.","Listen to this audio clip of a single musical note. The recording may have been sped up or slowed down. Identify the PITCH of the note as it sounds in the audio. What is the main pitch frequency, expressed in Hertz? Reply with ONLY a number (the frequency in Hz). Nothing else. Output only the answer."
stretch_0.5x,stretch,0.5,43,G2,voice,instrument,43,38,0,0,0,1,G2,,0,0,0,sol,sol#,0,0,0,38,C,sol#,I cannot process audio files,/home/hsnu2/PitchBench/data/analysis_audio/pitchbench_e4_time_stretching/G2_voice_3000ms_stretch_0p50x.wav,G2_voice_3000ms_stretch_0p50x.wav,Listen to this audio clip of a single musical note. The recording may have been sped up or slowed down. Identify the PITCH of the note as it sounds in the audio. What is the MIDI note number (an integer from 0 to 127)? Reply with ONLY the integer. Nothing else. Output only the answer.,"Listen to this audio clip of a single musical note. The recording may have been sped up or slowed down. Identify the PITCH of the note as it sounds in the audio. What is the note name and octave? Reply with ONLY the note name in Scientific Pitch Notation (e.g. C4, F#3, Bb5). Nothing else. Output only the answer.","Listen to this audio clip of a single musical note. The recording may have been sped up or slowed down. Identify the PITCH of the note as it sounds in the audio. What is the solfege syllable and accidental (if needed) of this pitch? Use fixed-do (do=C, re=D, mi=E, fa=F, sol=G, la=A, si=B). Include sharps or flats when needed (e.g. do#, reb, fa#, sib). Do NOT include the octave. Reply with ONLY the syllable and accidental (if needed). Nothing else. Output only the answer.","Listen to this audio clip of a single musical note. The recording may have been sped up or slowed down. Identify the PITCH of the note as it sounds in the audio. What is the main pitch frequency, expressed in Hertz? Reply with ONLY a number (the frequency in Hz). Nothing else. Output only the answer."
stretch_0.5x,stretch,0.5,48,C3,voice,instrument,48,38,0,0,0,0,C3,D2,0,0,0,do,sol#,0,0,0,38,D2,sol#,110,/home/hsnu2/PitchBench/data/analysis_audio/pitchbench_e4_time_stretching/C3_voice_3000ms_stretch_0p50x.wav,C3_voice_3000ms_stretch_0p50x.wav,Listen to this audio clip of a single musical note. The recording may have been sped up or slowed down. Identify the PITCH of the note as it sounds in the audio. What is the MIDI note number (an integer from 0 to 127)? Reply with ONLY the integer. Nothing else. Output only the answer.,"Listen to this audio clip of a single musical note. The recording may have been sped up or slowed down. Identify the PITCH of the note as it sounds in the audio. What is the note name and octave? Reply with ONLY the note name in Scientific Pitch Notation (e.g. C4, F#3, Bb5). Nothing else. Output only the answer.","Listen to this audio clip of a single musical note. The recording may have been sped up or slowed down. Identify the PITCH of the note as it sounds in the audio. What is the solfege syllable and accidental (if needed) of this pitch? Use fixed-do (do=C, re=D, mi=E, fa=F, sol=G, la=A, si=B). Include sharps or flats when needed (e.g. do#, reb, fa#, sib). Do NOT include the octave. Reply with ONLY the syllable and accidental (if needed). Nothing else. Output only the answer.","Listen to this audio clip of a single musical note. The recording may have been sped up or slowed down. Identify the PITCH of the note as it sounds in the audio. What is the main pitch frequency, expressed in Hertz? Reply with ONLY a number (the frequency in Hz). Nothing else. Output only the answer."
stretch_0.5x,stretch,0.5,54,F#3,voice,instrument,54,53,0,1,0,1,F#3,A3,0,0,1,fa#,sol#,0,0,0,53,A3,sol#,87.3,/home/hsnu2/PitchBench/data/analysis_audio/pitchbench_e4_time_stretching/Fs3_voice_3000ms_stretch_0p50x.wav,Fs3_voice_3000ms_stretch_0p50x.wav,Listen to this audio clip of a single musical note. The recording may have been sped up or slowed down. Identify the PITCH of the note as it sounds in the audio. What is the MIDI note number (an integer from 0 to 127)? Reply with ONLY the integer. Nothing else. Output only the answer.,"Listen to this audio clip of a single musical note. The recording may have been sped up or slowed down. Identify the PITCH of the note as it sounds in the audio. What is the note name and octave? Reply with ONLY the note name in Scientific Pitch Notation (e.g. C4, F#3, Bb5). Nothing else. Output only the answer.","Listen to this audio clip of a single musical note. The recording may have been sped up or slowed down. Identify the PITCH of the note as it sounds in the audio. What is the solfege syllable and accidental (if needed) of this pitch? Use fixed-do (do=C, re=D, mi=E, fa=F, sol=G, la=A, si=B). Include sharps or flats when needed (e.g. do#, reb, fa#, sib). Do NOT include the octave. Reply with ONLY the syllable and accidental (if needed). Nothing else. Output only the answer.","Listen to this audio clip of a single musical note. The recording may have been sped up or slowed down. Identify the PITCH of the note as it sounds in the audio. What is the main pitch frequency, expressed in Hertz? Reply with ONLY a number (the frequency in Hz). Nothing else. Output only the answer."
stretch_0.5x,stretch,0.5,58,A#3,voice,instrument,58,31,0,0,0,0,A#3,F2,0,0,0,la#,sol#,0,0,0,31,F2,sol#,104,/home/hsnu2/PitchBench/data/analysis_audio/pitchbench_e4_time_stretching/As3_voice_3000ms_stretch_0p50x.wav,As3_voice_3000ms_stretch_0p50x.wav,Listen to this audio clip of a single musical note. The recording may have been sped up or slowed down. Identify the PITCH of the note as it sounds in the audio. What is the MIDI note number (an integer from 0 to 127)? Reply with ONLY the integer. Nothing else. Output only the answer.,"Listen to this audio clip of a single musical note. The recording may have been sped up or slowed down. Identify the PITCH of the note as it sounds in the audio. What is the note name and octave? Reply with ONLY the note name in Scientific Pitch Notation (e.g. C4, F#3, Bb5). Nothing else. Output only the answer.","Listen to this audio clip of a single musical note. The recording may have been sped up or slowed down. Identify the PITCH of the note as it sounds in the audio. What is the solfege syllable and accidental (if needed) of this pitch? Use fixed-do (do=C, re=D, mi=E, fa=F, sol=G, la=A, si=B). Include sharps or flats when needed (e.g. do#, reb, fa#, sib). Do NOT include the octave. Reply with ONLY the syllable and accidental (if needed). Nothing else. Output only the answer.","Listen to this audio clip of a single musical note. The recording may have been sped up or slowed down. Identify the PITCH of the note as it sounds in the audio. What is the main pitch frequency, expressed in Hertz? Reply with ONLY a number (the frequency in Hz). Nothing else. Output only the answer."
stretch_0.5x,stretch,0.5,60,C4,voice,instrument,60,43,0,0,0,0,C4,F2,0,0,0,do,sol#,0,0,0,43,F2,sol#,87.31,/home/hsnu2/PitchBench/data/analysis_audio/pitchbench_e4_time_stretching/C4_voice_3000ms_stretch_0p50x.wav,C4_voice_3000ms_stretch_0p50x.wav,Listen to this audio clip of a single musical note. The recording may have been sped up or slowed down. Identify the PITCH of the note as it sounds in the audio. What is the MIDI note number (an integer from 0 to 127)? Reply with ONLY the integer. Nothing else. Output only the answer.,"Listen to this audio clip of a single musical note. The recording may have been sped up or slowed down. Identify the PITCH of the note as it sounds in the audio. What is the note name and octave? Reply with ONLY the note name in Scientific Pitch Notation (e.g. C4, F#3, Bb5). Nothing else. Output only the answer.","Listen to this audio clip of a single musical note. The recording may have been sped up or slowed down. Identify the PITCH of the note as it sounds in the audio. What is the solfege syllable and accidental (if needed) of this pitch? Use fixed-do (do=C, re=D, mi=E, fa=F, sol=G, la=A, si=B). Include sharps or flats when needed (e.g. do#, reb, fa#, sib). Do NOT include the octave. Reply with ONLY the syllable and accidental (if needed). Nothing else. Output only the answer.","Listen to this audio clip of a single musical note. The recording may have been sped up or slowed down. Identify the PITCH of the note as it sounds in the audio. What is the main pitch frequency, expressed in Hertz? Reply with ONLY a number (the frequency in Hz). Nothing else. Output only the answer."
stretch_0.5x,stretch,0.5,64,E4,voice,instrument,64,79,0,0,0,0,E4,F5,0,0,0,mi,fa#,0,0,0,79,F5,fa#,1046.5,/home/hsnu2/PitchBench/data/analysis_audio/pitchbench_e4_time_stretching/E4_voice_3000ms_stretch_0p50x.wav,E4_voice_3000ms_stretch_0p50x.wav,Listen to this audio clip of a single musical note. The recording may have been sped up or slowed down. Identify the PITCH of the note as it sounds in the audio. What is the MIDI note number (an integer from 0 to 127)? Reply with ONLY the integer. Nothing else. Output only the answer.,"Listen to this audio clip of a single musical note. The recording may have been sped up or slowed down. Identify the PITCH of the note as it sounds in the audio. What is the note name and octave? Reply with ONLY the note name in Scientific Pitch Notation (e.g. C4, F#3, Bb5). Nothing else. Output only the answer.","Listen to this audio clip of a single musical note. The recording may have been sped up or slowed down. Identify the PITCH of the note as it sounds in the audio. What is the solfege syllable and accidental (if needed) of this pitch? Use fixed-do (do=C, re=D, mi=E, fa=F, sol=G, la=A, si=B). Include sharps or flats when needed (e.g. do#, reb, fa#, sib). Do NOT include the octave. Reply with ONLY the syllable and accidental (if needed). Nothing else. Output only the answer.","Listen to this audio clip of a single musical note. The recording may have been sped up or slowed down. Identify the PITCH of the note as it sounds in the audio. What is the main pitch frequency, expressed in Hertz? Reply with ONLY a number (the frequency in Hz). Nothing else. Output only the answer."
stretch_0.5x,stretch,0.5,67,G4,voice,instrument,67,41,0,0,0,0,G4,G2,0,1,0,sol,sol#,0,0,0,41,G2,sol#,311.,/home/hsnu2/PitchBench/data/analysis_audio/pitchbench_e4_time_stretching/G4_voice_3000ms_stretch_0p50x.wav,G4_voice_3000ms_stretch_0p50x.wav,Listen to this audio clip of a single musical note. The recording may have been sped up or slowed down. Identify the PITCH of the note as it sounds in the audio. What is the MIDI note number (an integer from 0 to 127)? Reply with ONLY the integer. Nothing else. Output only the answer.,"Listen to this audio clip of a single musical note. The recording may have been sped up or slowed down. Identify the PITCH of the note as it sounds in the audio. What is the note name and octave? Reply with ONLY the note name in Scientific Pitch Notation (e.g. C4, F#3, Bb5). Nothing else. Output only the answer.","Listen to this audio clip of a single musical note. The recording may have been sped up or slowed down. Identify the PITCH of the note as it sounds in the audio. What is the solfege syllable and accidental (if needed) of this pitch? Use fixed-do (do=C, re=D, mi=E, fa=F, sol=G, la=A, si=B). Include sharps or flats when needed (e.g. do#, reb, fa#, sib). Do NOT include the octave. Reply with ONLY the syllable and accidental (if needed). Nothing else. Output only the answer.","Listen to this audio clip of a single musical note. The recording may have been sped up or slowed down. Identify the PITCH of the note as it sounds in the audio. What is the main pitch frequency, expressed in Hertz? Reply with ONLY a number (the frequency in Hz). Nothing else. Output only the answer."
stretch_0.5x,stretch,0.5,69,A4,voice,instrument,69,84,0,0,0,0,A4,F#5,0,0,0,la,sol#,0,0,0,84,F#5,sol#,1174,/home/hsnu2/PitchBench/data/analysis_audio/pitchbench_e4_time_stretching/A4_voice_3000ms_stretch_0p50x.wav,A4_voice_3000ms_stretch_0p50x.wav,Listen to this audio clip of a single musical note. The recording may have been sped up or slowed down. Identify the PITCH of the note as it sounds in the audio. What is the MIDI note number (an integer from 0 to 127)? Reply with ONLY the integer. Nothing else. Output only the answer.,"Listen to this audio clip of a single musical note. The recording may have been sped up or slowed down. Identify the PITCH of the note as it sounds in the audio. What is the note name and octave? Reply with ONLY the note name in Scientific Pitch Notation (e.g. C4, F#3, Bb5). Nothing else. Output only the answer.","Listen to this audio clip of a single musical note. The recording may have been sped up or slowed down. Identify the PITCH of the note as it sounds in the audio. What is the solfege syllable and accidental (if needed) of this pitch? Use fixed-do (do=C, re=D, mi=E, fa=F, sol=G, la=A, si=B). Include sharps or flats when needed (e.g. do#, reb, fa#, sib). Do NOT include the octave. Reply with ONLY the syllable and accidental (if needed). Nothing else. Output only the answer.","Listen to this audio clip of a single musical note. The recording may have been sped up or slowed down. Identify the PITCH of the note as it sounds in the audio. What is the main pitch frequency, expressed in Hertz? Reply with ONLY a number (the frequency in Hz). Nothing else. Output only the answer."
stretch_0.5x,stretch,0.5,72,C5,voice,instrument,72,65,0,0,0,0,C5,C6,0,1,0,do,sol#,0,0,0,65,C6,sol#,1046.,/home/hsnu2/PitchBench/data/analysis_audio/pitchbench_e4_time_stretching/C5_voice_3000ms_stretch_0p50x.wav,C5_voice_3000ms_stretch_0p50x.wav,Listen to this audio clip of a single musical note. The recording may have been sped up or slowed down. Identify the PITCH of the note as it sounds in the audio. What is the MIDI note number (an integer from 0 to 127)? Reply with ONLY the integer. Nothing else. Output only the answer.,"Listen to this audio clip of a single musical note. The recording may have been sped up or slowed down. Identify the PITCH of the note as it sounds in the audio. What is the note name and octave? Reply with ONLY the note name in Scientific Pitch Notation (e.g. C4, F#3, Bb5). Nothing else. Output only the answer.","Listen to this audio clip of a single musical note. The recording may have been sped up or slowed down. Identify the PITCH of the note as it sounds in the audio. What is the solfege syllable and accidental (if needed) of this pitch? Use fixed-do (do=C, re=D, mi=E, fa=F, sol=G, la=A, si=B). Include sharps or flats when needed (e.g. do#, reb, fa#, sib). Do NOT include the octave. Reply with ONLY the syllable and accidental (if needed). Nothing else. Output only the answer.","Listen to this audio clip of a single musical note. The recording may have been sped up or slowed down. Identify the PITCH of the note as it sounds in the audio. What is the main pitch frequency, expressed in Hertz? Reply with ONLY a number (the frequency in Hz). Nothing else. Output only the answer."
stretch_0.5x,stretch,0.5,77,F5,voice,instrument,77,65,0,0,1,0,F5,F6,0,1,0,fa,sol#,0,0,0,65,F6,sol#,1046,/home/hsnu2/PitchBench/data/analysis_audio/pitchbench_e4_time_stretching/F5_voice_3000ms_stretch_0p50x.wav,F5_voice_3000ms_stretch_0p50x.wav,Listen to this audio clip of a single musical note. The recording may have been sped up or slowed down. Identify the PITCH of the note as it sounds in the audio. What is the MIDI note number (an integer from 0 to 127)? Reply with ONLY the integer. Nothing else. Output only the answer.,"Listen to this audio clip of a single musical note. The recording may have been sped up or slowed down. Identify the PITCH of the note as it sounds in the audio. What is the note name and octave? Reply with ONLY the note name in Scientific Pitch Notation (e.g. C4, F#3, Bb5). Nothing else. Output only the answer.","Listen to this audio clip of a single musical note. The recording may have been sped up or slowed down. Identify the PITCH of the note as it sounds in the audio. What is the solfege syllable and accidental (if needed) of this pitch? Use fixed-do (do=C, re=D, mi=E, fa=F, sol=G, la=A, si=B). Include sharps or flats when needed (e.g. do#, reb, fa#, sib). Do NOT include the octave. Reply with ONLY the syllable and accidental (if needed). Nothing else. Output only the answer.","Listen to this audio clip of a single musical note. The recording may have been sped up or slowed down. Identify the PITCH of the note as it sounds in the audio. What is the main pitch frequency, expressed in Hertz? Reply with ONLY a number (the frequency in Hz). Nothing else. Output only the answer."
stretch_0.5x,stretch,0.5,84,C6,voice,instrument,84,101,0,0,0,0,C6,C6,1,1,1,do,sol#,0,1,1,101,C6,sol#,1046,/home/hsnu2/PitchBench/data/analysis_audio/pitchbench_e4_time_stretching/C6_voice_3000ms_stretch_0p50x.wav,C6_voice_3000ms_stretch_0p50x.wav,Listen to this audio clip of a single musical note. The recording may have been sped up or slowed down. Identify the PITCH of the note as it sounds in the audio. What is the MIDI note number (an integer from 0 to 127)? Reply with ONLY the integer. Nothing else. Output only the answer.,"Listen to this audio clip of a single musical note. The recording may have been sped up or slowed down. Identify the PITCH of the note as it sounds in the audio. What is the note name and octave? Reply with ONLY the note name in Scientific Pitch Notation (e.g. C4, F#3, Bb5). Nothing else. Output only the answer.","Listen to this audio clip of a single musical note. The recording may have been sped up or slowed down. Identify the PITCH of the note as it sounds in the audio. What is the solfege syllable and accidental (if needed) of this pitch? Use fixed-do (do=C, re=D, mi=E, fa=F, sol=G, la=A, si=B). Include sharps or flats when needed (e.g. do#, reb, fa#, sib). Do NOT include the octave. Reply with ONLY the syllable and accidental (if needed). Nothing else. Output only the answer.","Listen to this audio clip of a single musical note. The recording may have been sped up or slowed down. Identify the PITCH of the note as it sounds in the audio. What is the main pitch frequency, expressed in Hertz? Reply with ONLY a number (the frequency in Hz). Nothing else. Output only the answer."
stretch_2x,stretch,2.0,36,C2,voice,instrument,36,2,0,0,0,0,C2,C2,1,1,1,do,sol#,0,1,1,2,C2,sol#,65.,/home/hsnu2/PitchBench/data/analysis_audio/pitchbench_e4_time_stretching/C2_voice_3000ms_stretch_2p00x.wav,C2_voice_3000ms_stretch_2p00x.wav,Listen to this audio clip of a single musical note. The recording may have been sped up or slowed down. Identify the PITCH of the note as it sounds in the audio. What is the MIDI note number (an integer from 0 to 127)? Reply with ONLY the integer. Nothing else. Output only the answer.,"Listen to this audio clip of a single musical note. The recording may have been sped up or slowed down. Identify the PITCH of the note as it sounds in the audio. What is the note name and octave? Reply with ONLY the note name in Scientific Pitch Notation (e.g. C4, F#3, Bb5). Nothing else. Output only the answer.","Listen to this audio clip of a single musical note. The recording may have been sped up or slowed down. Identify the PITCH of the note as it sounds in the audio. What is the solfege syllable and accidental (if needed) of this pitch? Use fixed-do (do=C, re=D, mi=E, fa=F, sol=G, la=A, si=B). Include sharps or flats when needed (e.g. do#, reb, fa#, sib). Do NOT include the octave. Reply with ONLY the syllable and accidental (if needed). Nothing else. Output only the answer.","Listen to this audio clip of a single musical note. The recording may have been sped up or slowed down. Identify the PITCH of the note as it sounds in the audio. What is the main pitch frequency, expressed in Hertz? Reply with ONLY a number (the frequency in Hz). Nothing else. Output only the answer."
stretch_2x,stretch,2.0,43,G2,voice,instrument,43,36,0,0,0,1,G2,F2,0,0,1,sol,sol#,0,0,0,36,F2,sol#,73.,/home/hsnu2/PitchBench/data/analysis_audio/pitchbench_e4_time_stretching/G2_voice_3000ms_stretch_2p00x.wav,G2_voice_3000ms_stretch_2p00x.wav,Listen to this audio clip of a single musical note. The recording may have been sped up or slowed down. Identify the PITCH of the note as it sounds in the audio. What is the MIDI note number (an integer from 0 to 127)? Reply with ONLY the integer. Nothing else. Output only the answer.,"Listen to this audio clip of a single musical note. The recording may have been sped up or slowed down. Identify the PITCH of the note as it sounds in the audio. What is the note name and octave? Reply with ONLY the note name in Scientific Pitch Notation (e.g. C4, F#3, Bb5). Nothing else. Output only the answer.","Listen to this audio clip of a single musical note. The recording may have been sped up or slowed down. Identify the PITCH of the note as it sounds in the audio. What is the solfege syllable and accidental (if needed) of this pitch? Use fixed-do (do=C, re=D, mi=E, fa=F, sol=G, la=A, si=B). Include sharps or flats when needed (e.g. do#, reb, fa#, sib). Do NOT include the octave. Reply with ONLY the syllable and accidental (if needed). Nothing else. Output only the answer.","Listen to this audio clip of a single musical note. The recording may have been sped up or slowed down. Identify the PITCH of the note as it sounds in the audio. What is the main pitch frequency, expressed in Hertz? Reply with ONLY a number (the frequency in Hz). Nothing else. Output only the answer."
stretch_2x,stretch,2.0,48,C3,voice,instrument,48,36,0,0,1,0,C3,C2,0,1,0,do,sol#,0,0,0,36,C2,sol#,103.8,/home/hsnu2/PitchBench/data/analysis_audio/pitchbench_e4_time_stretching/C3_voice_3000ms_stretch_2p00x.wav,C3_voice_3000ms_stretch_2p00x.wav,Listen to this audio clip of a single musical note. The recording may have been sped up or slowed down. Identify the PITCH of the note as it sounds in the audio. What is the MIDI note number (an integer from 0 to 127)? Reply with ONLY the integer. Nothing else. Output only the answer.,"Listen to this audio clip of a single musical note. The recording may have been sped up or slowed down. Identify the PITCH of the note as it sounds in the audio. What is the note name and octave? Reply with ONLY the note name in Scientific Pitch Notation (e.g. C4, F#3, Bb5). Nothing else. Output only the answer.","Listen to this audio clip of a single musical note. The recording may have been sped up or slowed down. Identify the PITCH of the note as it sounds in the audio. What is the solfege syllable and accidental (if needed) of this pitch? Use fixed-do (do=C, re=D, mi=E, fa=F, sol=G, la=A, si=B). Include sharps or flats when needed (e.g. do#, reb, fa#, sib). Do NOT include the octave. Reply with ONLY the syllable and accidental (if needed). Nothing else. Output only the answer.","Listen to this audio clip of a single musical note. The recording may have been sped up or slowed down. Identify the PITCH of the note as it sounds in the audio. What is the main pitch frequency, expressed in Hertz? Reply with ONLY a number (the frequency in Hz). Nothing else. Output only the answer."
stretch_2x,stretch,2.0,54,F#3,voice,instrument,54,41,0,0,0,0,F#3,F#3,1,1,1,fa#,,0,0,1,41,F#3,Listen to the audio,1,/home/hsnu2/PitchBench/data/analysis_audio/pitchbench_e4_time_stretching/Fs3_voice_3000ms_stretch_2p00x.wav,Fs3_voice_3000ms_stretch_2p00x.wav,Listen to this audio clip of a single musical note. The recording may have been sped up or slowed down. Identify the PITCH of the note as it sounds in the audio. What is the MIDI note number (an integer from 0 to 127)? Reply with ONLY the integer. Nothing else. Output only the answer.,"Listen to this audio clip of a single musical note. The recording may have been sped up or slowed down. Identify the PITCH of the note as it sounds in the audio. What is the note name and octave? Reply with ONLY the note name in Scientific Pitch Notation (e.g. C4, F#3, Bb5). Nothing else. Output only the answer.","Listen to this audio clip of a single musical note. The recording may have been sped up or slowed down. Identify the PITCH of the note as it sounds in the audio. What is the solfege syllable and accidental (if needed) of this pitch? Use fixed-do (do=C, re=D, mi=E, fa=F, sol=G, la=A, si=B). Include sharps or flats when needed (e.g. do#, reb, fa#, sib). Do NOT include the octave. Reply with ONLY the syllable and accidental (if needed). Nothing else. Output only the answer.","Listen to this audio clip of a single musical note. The recording may have been sped up or slowed down. Identify the PITCH of the note as it sounds in the audio. What is the main pitch frequency, expressed in Hertz? Reply with ONLY a number (the frequency in Hz). Nothing else. Output only the answer."
stretch_2x,stretch,2.0,58,A#3,voice,instrument,58,50,0,0,0,1,A#3,F2,0,0,0,la#,sol#,0,0,0,50,F2,sol#,87.31,/home/hsnu2/PitchBench/data/analysis_audio/pitchbench_e4_time_stretching/As3_voice_3000ms_stretch_2p00x.wav,As3_voice_3000ms_stretch_2p00x.wav,Listen to this audio clip of a single musical note. The recording may have been sped up or slowed down. Identify the PITCH of the note as it sounds in the audio. What is the MIDI note number (an integer from 0 to 127)? Reply with ONLY the integer. Nothing else. Output only the answer.,"Listen to this audio clip of a single musical note. The recording may have been sped up or slowed down. Identify the PITCH of the note as it sounds in the audio. What is the note name and octave? Reply with ONLY the note name in Scientific Pitch Notation (e.g. C4, F#3, Bb5). Nothing else. Output only the answer.","Listen to this audio clip of a single musical note. The recording may have been sped up or slowed down. Identify the PITCH of the note as it sounds in the audio. What is the solfege syllable and accidental (if needed) of this pitch? Use fixed-do (do=C, re=D, mi=E, fa=F, sol=G, la=A, si=B). Include sharps or flats when needed (e.g. do#, reb, fa#, sib). Do NOT include the octave. Reply with ONLY the syllable and accidental (if needed). Nothing else. Output only the answer.","Listen to this audio clip of a single musical note. The recording may have been sped up or slowed down. Identify the PITCH of the note as it sounds in the audio. What is the main pitch frequency, expressed in Hertz? Reply with ONLY a number (the frequency in Hz). Nothing else. Output only the answer."
stretch_2x,stretch,2.0,60,C4,voice,instrument,60,34,0,0,0,0,C4,F#4,0,0,1,do,sol#,0,0,0,34,F#4,sol#,130.81,/home/hsnu2/PitchBench/data/analysis_audio/pitchbench_e4_time_stretching/C4_voice_3000ms_stretch_2p00x.wav,C4_voice_3000ms_stretch_2p00x.wav,Listen to this audio clip of a single musical note. The recording may have been sped up or slowed down. Identify the PITCH of the note as it sounds in the audio. What is the MIDI note number (an integer from 0 to 127)? Reply with ONLY the integer. Nothing else. Output only the answer.,"Listen to this audio clip of a single musical note. The recording may have been sped up or slowed down. Identify the PITCH of the note as it sounds in the audio. What is the note name and octave? Reply with ONLY the note name in Scientific Pitch Notation (e.g. C4, F#3, Bb5). Nothing else. Output only the answer.","Listen to this audio clip of a single musical note. The recording may have been sped up or slowed down. Identify the PITCH of the note as it sounds in the audio. What is the solfege syllable and accidental (if needed) of this pitch? Use fixed-do (do=C, re=D, mi=E, fa=F, sol=G, la=A, si=B). Include sharps or flats when needed (e.g. do#, reb, fa#, sib). Do NOT include the octave. Reply with ONLY the syllable and accidental (if needed). Nothing else. Output only the answer.","Listen to this audio clip of a single musical note. The recording may have been sped up or slowed down. Identify the PITCH of the note as it sounds in the audio. What is the main pitch frequency, expressed in Hertz? Reply with ONLY a number (the frequency in Hz). Nothing else. Output only the answer."
stretch_2x,stretch,2.0,64,E4,voice,instrument,64,83,0,0,0,0,E4,F5,0,0,0,mi,sol#,0,0,0,83,F5,sol#,554.3,/home/hsnu2/PitchBench/data/analysis_audio/pitchbench_e4_time_stretching/E4_voice_3000ms_stretch_2p00x.wav,E4_voice_3000ms_stretch_2p00x.wav,Listen to this audio clip of a single musical note. The recording may have been sped up or slowed down. Identify the PITCH of the note as it sounds in the audio. What is the MIDI note number (an integer from 0 to 127)? Reply with ONLY the integer. Nothing else. Output only the answer.,"Listen to this audio clip of a single musical note. The recording may have been sped up or slowed down. Identify the PITCH of the note as it sounds in the audio. What is the note name and octave? Reply with ONLY the note name in Scientific Pitch Notation (e.g. C4, F#3, Bb5). Nothing else. Output only the answer.","Listen to this audio clip of a single musical note. The recording may have been sped up or slowed down. Identify the PITCH of the note as it sounds in the audio. What is the solfege syllable and accidental (if needed) of this pitch? Use fixed-do (do=C, re=D, mi=E, fa=F, sol=G, la=A, si=B). Include sharps or flats when needed (e.g. do#, reb, fa#, sib). Do NOT include the octave. Reply with ONLY the syllable and accidental (if needed). Nothing else. Output only the answer.","Listen to this audio clip of a single musical note. The recording may have been sped up or slowed down. Identify the PITCH of the note as it sounds in the audio. What is the main pitch frequency, expressed in Hertz? Reply with ONLY a number (the frequency in Hz). Nothing else. Output only the answer."
stretch_2x,stretch,2.0,67,G4,voice,instrument,67,,0,0,0,0,G4,F#5,0,0,0,sol,sol#,0,0,0,* (Self-correction/,F#5,sol#,554,/home/hsnu2/PitchBench/data/analysis_audio/pitchbench_e4_time_stretching/G4_voice_3000ms_stretch_2p00x.wav,G4_voice_3000ms_stretch_2p00x.wav,Listen to this audio clip of a single musical note. The recording may have been sped up or slowed down. Identify the PITCH of the note as it sounds in the audio. What is the MIDI note number (an integer from 0 to 127)? Reply with ONLY the integer. Nothing else. Output only the answer.,"Listen to this audio clip of a single musical note. The recording may have been sped up or slowed down. Identify the PITCH of the note as it sounds in the audio. What is the note name and octave? Reply with ONLY the note name in Scientific Pitch Notation (e.g. C4, F#3, Bb5). Nothing else. Output only the answer.","Listen to this audio clip of a single musical note. The recording may have been sped up or slowed down. Identify the PITCH of the note as it sounds in the audio. What is the solfege syllable and accidental (if needed) of this pitch? Use fixed-do (do=C, re=D, mi=E, fa=F, sol=G, la=A, si=B). Include sharps or flats when needed (e.g. do#, reb, fa#, sib). Do NOT include the octave. Reply with ONLY the syllable and accidental (if needed). Nothing else. Output only the answer.","Listen to this audio clip of a single musical note. The recording may have been sped up or slowed down. Identify the PITCH of the note as it sounds in the audio. What is the main pitch frequency, expressed in Hertz? Reply with ONLY a number (the frequency in Hz). Nothing else. Output only the answer."
stretch_2x,stretch,2.0,69,A4,voice,instrument,69,88,0,0,0,0,A4,F#5,0,0,0,la,sol#,0,0,0,88,F#5,sol#,554.,/home/hsnu2/PitchBench/data/analysis_audio/pitchbench_e4_time_stretching/A4_voice_3000ms_stretch_2p00x.wav,A4_voice_3000ms_stretch_2p00x.wav,Listen to this audio clip of a single musical note. The recording may have been sped up or slowed down. Identify the PITCH of the note as it sounds in the audio. What is the MIDI note number (an integer from 0 to 127)? Reply with ONLY the integer. Nothing else. Output only the answer.,"Listen to this audio clip of a single musical note. The recording may have been sped up or slowed down. Identify the PITCH of the note as it sounds in the audio. What is the note name and octave? Reply with ONLY the note name in Scientific Pitch Notation (e.g. C4, F#3, Bb5). Nothing else. Output only the answer.","Listen to this audio clip of a single musical note. The recording may have been sped up or slowed down. Identify the PITCH of the note as it sounds in the audio. What is the solfege syllable and accidental (if needed) of this pitch? Use fixed-do (do=C, re=D, mi=E, fa=F, sol=G, la=A, si=B). Include sharps or flats when needed (e.g. do#, reb, fa#, sib). Do NOT include the octave. Reply with ONLY the syllable and accidental (if needed). Nothing else. Output only the answer.","Listen to this audio clip of a single musical note. The recording may have been sped up or slowed down. Identify the PITCH of the note as it sounds in the audio. What is the main pitch frequency, expressed in Hertz? Reply with ONLY a number (the frequency in Hz). Nothing else. Output only the answer."
stretch_2x,stretch,2.0,72,C5,voice,instrument,72,101,0,0,0,0,C5,F#6,0,0,0,do,sol#,0,0,0,101,F#6,sol#,1046.,/home/hsnu2/PitchBench/data/analysis_audio/pitchbench_e4_time_stretching/C5_voice_3000ms_stretch_2p00x.wav,C5_voice_3000ms_stretch_2p00x.wav,Listen to this audio clip of a single musical note. The recording may have been sped up or slowed down. Identify the PITCH of the note as it sounds in the audio. What is the MIDI note number (an integer from 0 to 127)? Reply with ONLY the integer. Nothing else. Output only the answer.,"Listen to this audio clip of a single musical note. The recording may have been sped up or slowed down. Identify the PITCH of the note as it sounds in the audio. What is the note name and octave? Reply with ONLY the note name in Scientific Pitch Notation (e.g. C4, F#3, Bb5). Nothing else. Output only the answer.","Listen to this audio clip of a single musical note. The recording may have been sped up or slowed down. Identify the PITCH of the note as it sounds in the audio. What is the solfege syllable and accidental (if needed) of this pitch? Use fixed-do (do=C, re=D, mi=E, fa=F, sol=G, la=A, si=B). Include sharps or flats when needed (e.g. do#, reb, fa#, sib). Do NOT include the octave. Reply with ONLY the syllable and accidental (if needed). Nothing else. Output only the answer.","Listen to this audio clip of a single musical note. The recording may have been sped up or slowed down. Identify the PITCH of the note as it sounds in the audio. What is the main pitch frequency, expressed in Hertz? Reply with ONLY a number (the frequency in Hz). Nothing else. Output only the answer."
stretch_2x,stretch,2.0,77,F5,voice,instrument,77,96,0,0,0,0,F5,C6,0,0,0,fa,sol#,0,0,0,96,C6,sol#,5,/home/hsnu2/PitchBench/data/analysis_audio/pitchbench_e4_time_stretching/F5_voice_3000ms_stretch_2p00x.wav,F5_voice_3000ms_stretch_2p00x.wav,Listen to this audio clip of a single musical note. The recording may have been sped up or slowed down. Identify the PITCH of the note as it sounds in the audio. What is the MIDI note number (an integer from 0 to 127)? Reply with ONLY the integer. Nothing else. Output only the answer.,"Listen to this audio clip of a single musical note. The recording may have been sped up or slowed down. Identify the PITCH of the note as it sounds in the audio. What is the note name and octave? Reply with ONLY the note name in Scientific Pitch Notation (e.g. C4, F#3, Bb5). Nothing else. Output only the answer.","Listen to this audio clip of a single musical note. The recording may have been sped up or slowed down. Identify the PITCH of the note as it sounds in the audio. What is the solfege syllable and accidental (if needed) of this pitch? Use fixed-do (do=C, re=D, mi=E, fa=F, sol=G, la=A, si=B). Include sharps or flats when needed (e.g. do#, reb, fa#, sib). Do NOT include the octave. Reply with ONLY the syllable and accidental (if needed). Nothing else. Output only the answer.","Listen to this audio clip of a single musical note. The recording may have been sped up or slowed down. Identify the PITCH of the note as it sounds in the audio. What is the main pitch frequency, expressed in Hertz? Reply with ONLY a number (the frequency in Hz). Nothing else. Output only the answer."
stretch_2x,stretch,2.0,84,C6,voice,instrument,84,84,1,1,1,1,C6,C7,0,1,0,do,sol#,0,1,1,84,C7,sol#,1046.5,/home/hsnu2/PitchBench/data/analysis_audio/pitchbench_e4_time_stretching/C6_voice_3000ms_stretch_2p00x.wav,C6_voice_3000ms_stretch_2p00x.wav,Listen to this audio clip of a single musical note. The recording may have been sped up or slowed down. Identify the PITCH of the note as it sounds in the audio. What is the MIDI note number (an integer from 0 to 127)? Reply with ONLY the integer. Nothing else. Output only the answer.,"Listen to this audio clip of a single musical note. The recording may have been sped up or slowed down. Identify the PITCH of the note as it sounds in the audio. What is the note name and octave? Reply with ONLY the note name in Scientific Pitch Notation (e.g. C4, F#3, Bb5). Nothing else. Output only the answer.","Listen to this audio clip of a single musical note. The recording may have been sped up or slowed down. Identify the PITCH of the note as it sounds in the audio. What is the solfege syllable and accidental (if needed) of this pitch? Use fixed-do (do=C, re=D, mi=E, fa=F, sol=G, la=A, si=B). Include sharps or flats when needed (e.g. do#, reb, fa#, sib). Do NOT include the octave. Reply with ONLY the syllable and accidental (if needed). Nothing else. Output only the answer.","Listen to this audio clip of a single musical note. The recording may have been sped up or slowed down. Identify the PITCH of the note as it sounds in the audio. What is the main pitch frequency, expressed in Hertz? Reply with ONLY a number (the frequency in Hz). Nothing else. Output only the answer."
