metric,n_samples,value,value_pct
total,252,,
accuracy.midi,252,0.0159,1.6%
accuracy.spn,252,0.0079,0.8%
accuracy.doremi,252,0.0357,3.6%
accuracy.hz,252,0.0,0.0%
accuracy.any,252,0.0238,2.4%
by_duration.50.any,42,0.0238,2.4%
by_duration.50.doremi,42,0.0714,7.1%
by_duration.50.hz,42,0.0,0.0%
by_duration.50.midi,42,0.0238,2.4%
by_duration.50.spn,42,0.0,0.0%
by_duration.250.any,42,0.0,0.0%
by_duration.250.doremi,42,0.0,0.0%
by_duration.250.hz,42,0.0,0.0%
by_duration.250.midi,42,0.0,0.0%
by_duration.250.spn,42,0.0,0.0%
by_duration.1000.any,42,0.0,0.0%
by_duration.1000.doremi,42,0.0,0.0%
by_duration.1000.hz,42,0.0,0.0%
by_duration.1000.midi,42,0.0,0.0%
by_duration.1000.spn,42,0.0,0.0%
by_duration.4000.any,42,0.0714,7.1%
by_duration.4000.doremi,42,0.0,0.0%
by_duration.4000.hz,42,0.0,0.0%
by_duration.4000.midi,42,0.0238,2.4%
by_duration.4000.spn,42,0.0476,4.8%
by_duration.15000.any,42,0.0476,4.8%
by_duration.15000.doremi,42,0.0714,7.1%
by_duration.15000.hz,42,0.0,0.0%
by_duration.15000.midi,42,0.0476,4.8%
by_duration.15000.spn,42,0.0,0.0%
by_duration.60000.any,42,0.0,0.0%
by_duration.60000.doremi,42,0.0714,7.1%
by_duration.60000.hz,42,0.0,0.0%
by_duration.60000.midi,42,0.0,0.0%
by_duration.60000.spn,42,0.0,0.0%
by_source.cello.any,42,0.0476,4.8%
by_source.cello.doremi,42,0.0476,4.8%
by_source.cello.hz,42,0.0,0.0%
by_source.cello.midi,42,0.0238,2.4%
by_source.cello.spn,42,0.0238,2.4%
by_source.flute.any,42,0.0714,7.1%
by_source.flute.doremi,42,0.0238,2.4%
by_source.flute.hz,42,0.0,0.0%
by_source.flute.midi,42,0.0476,4.8%
by_source.flute.spn,42,0.0238,2.4%
by_source.piano.any,42,0.0,0.0%
by_source.piano.doremi,42,0.0476,4.8%
by_source.piano.hz,42,0.0,0.0%
by_source.piano.midi,42,0.0,0.0%
by_source.piano.spn,42,0.0,0.0%
by_source.sine.any,42,0.0,0.0%
by_source.sine.doremi,42,0.0238,2.4%
by_source.sine.hz,42,0.0,0.0%
by_source.sine.midi,42,0.0,0.0%
by_source.sine.spn,42,0.0,0.0%
by_source.synth_lead.any,42,0.0238,2.4%
by_source.synth_lead.doremi,42,0.0714,7.1%
by_source.synth_lead.hz,42,0.0,0.0%
by_source.synth_lead.midi,42,0.0238,2.4%
by_source.synth_lead.spn,42,0.0,0.0%
by_source.voice.any,42,0.0,0.0%
by_source.voice.doremi,42,0.0,0.0%
by_source.voice.hz,42,0.0,0.0%
by_source.voice.midi,42,0.0,0.0%
by_source.voice.spn,42,0.0,0.0%
by_source_type.instrument.any,210,0.0286,2.9%
by_source_type.instrument.doremi,210,0.0381,3.8%
by_source_type.instrument.hz,210,0.0,0.0%
by_source_type.instrument.midi,210,0.019,1.9%
by_source_type.instrument.spn,210,0.0095,0.9%
by_source_type.waveform.any,42,0.0,0.0%
by_source_type.waveform.doremi,42,0.0238,2.4%
by_source_type.waveform.hz,42,0.0,0.0%
by_source_type.waveform.midi,42,0.0,0.0%
by_source_type.waveform.spn,42,0.0,0.0%
by_pitch.29.any,36,0.0,0.0%
by_pitch.29.doremi,36,0.0,0.0%
by_pitch.29.hz,36,0.0,0.0%
by_pitch.29.midi,36,0.0,0.0%
by_pitch.29.spn,36,0.0,0.0%
by_pitch.38.any,36,0.0,0.0%
by_pitch.38.doremi,36,0.0,0.0%
by_pitch.38.hz,36,0.0,0.0%
by_pitch.38.midi,36,0.0,0.0%
by_pitch.38.spn,36,0.0,0.0%
by_pitch.47.any,36,0.0278,2.8%
by_pitch.47.doremi,36,0.0,0.0%
by_pitch.47.hz,36,0.0,0.0%
by_pitch.47.midi,36,0.0278,2.8%
by_pitch.47.spn,36,0.0,0.0%
by_pitch.56.any,36,0.0,0.0%
by_pitch.56.doremi,36,0.1667,16.7%
by_pitch.56.hz,36,0.0,0.0%
by_pitch.56.midi,36,0.0,0.0%
by_pitch.56.spn,36,0.0,0.0%
by_pitch.65.any,36,0.0556,5.6%
by_pitch.65.doremi,36,0.0833,8.3%
by_pitch.65.hz,36,0.0,0.0%
by_pitch.65.midi,36,0.0,0.0%
by_pitch.65.spn,36,0.0556,5.6%
by_pitch.74.any,36,0.0556,5.6%
by_pitch.74.doremi,36,0.0,0.0%
by_pitch.74.hz,36,0.0,0.0%
by_pitch.74.midi,36,0.0556,5.6%
by_pitch.74.spn,36,0.0,0.0%
by_pitch.83.any,36,0.0278,2.8%
by_pitch.83.doremi,36,0.0,0.0%
by_pitch.83.hz,36,0.0,0.0%
by_pitch.83.midi,36,0.0278,2.8%
by_pitch.83.spn,36,0.0,0.0%
