metric,n_samples,value,value_pct
total,84,,
accuracy.midi,84,0.0595,5.9%
accuracy.spn,84,0.0357,3.6%
accuracy.doremi,84,0.1071,10.7%
accuracy.hz,84,0.0238,2.4%
accuracy.any,84,0.0833,8.3%
by_source.cello.any,14,0.0714,7.1%
by_source.cello.doremi,14,0.0,0.0%
by_source.cello.hz,14,0.0714,7.1%
by_source.cello.midi,14,0.0714,7.1%
by_source.cello.spn,14,0.0,0.0%
by_source.flute.any,14,0.0,0.0%
by_source.flute.doremi,14,0.0714,7.1%
by_source.flute.hz,14,0.0,0.0%
by_source.flute.midi,14,0.0,0.0%
by_source.flute.spn,14,0.0,0.0%
by_source.piano.any,14,0.0,0.0%
by_source.piano.doremi,14,0.2143,21.4%
by_source.piano.hz,14,0.0,0.0%
by_source.piano.midi,14,0.0,0.0%
by_source.piano.spn,14,0.0,0.0%
by_source.sine.any,14,0.1429,14.3%
by_source.sine.doremi,14,0.1429,14.3%
by_source.sine.hz,14,0.0,0.0%
by_source.sine.midi,14,0.0714,7.1%
by_source.sine.spn,14,0.0714,7.1%
by_source.synth_lead.any,14,0.1429,14.3%
by_source.synth_lead.doremi,14,0.0,0.0%
by_source.synth_lead.hz,14,0.0,0.0%
by_source.synth_lead.midi,14,0.0714,7.1%
by_source.synth_lead.spn,14,0.0714,7.1%
by_source.voice.any,14,0.1429,14.3%
by_source.voice.doremi,14,0.2143,21.4%
by_source.voice.hz,14,0.0714,7.1%
by_source.voice.midi,14,0.1429,14.3%
by_source.voice.spn,14,0.0714,7.1%
by_source_type.instrument.any,70,0.0714,7.1%
by_source_type.instrument.doremi,70,0.1,10.0%
by_source_type.instrument.hz,70,0.0286,2.9%
by_source_type.instrument.midi,70,0.0571,5.7%
by_source_type.instrument.spn,70,0.0286,2.9%
by_source_type.waveform.any,14,0.1429,14.3%
by_source_type.waveform.doremi,14,0.1429,14.3%
by_source_type.waveform.hz,14,0.0,0.0%
by_source_type.waveform.midi,14,0.0714,7.1%
by_source_type.waveform.spn,14,0.0714,7.1%
by_n_notes.5.any,42,0.1429,14.3%
by_n_notes.5.doremi,42,0.0952,9.5%
by_n_notes.5.hz,42,0.0476,4.8%
by_n_notes.5.midi,42,0.119,11.9%
by_n_notes.5.spn,42,0.0476,4.8%
by_n_notes.10.any,42,0.0238,2.4%
by_n_notes.10.doremi,42,0.119,11.9%
by_n_notes.10.hz,42,0.0,0.0%
by_n_notes.10.midi,42,0.0,0.0%
by_n_notes.10.spn,42,0.0238,2.4%
by_pitch.29.any,12,0.0,0.0%
by_pitch.29.doremi,12,0.0,0.0%
by_pitch.29.hz,12,0.0,0.0%
by_pitch.29.midi,12,0.0,0.0%
by_pitch.29.spn,12,0.0,0.0%
by_pitch.38.any,12,0.0833,8.3%
by_pitch.38.doremi,12,0.0,0.0%
by_pitch.38.hz,12,0.0,0.0%
by_pitch.38.midi,12,0.0833,8.3%
by_pitch.38.spn,12,0.0,0.0%
by_pitch.47.any,12,0.0833,8.3%
by_pitch.47.doremi,12,0.0833,8.3%
by_pitch.47.hz,12,0.0833,8.3%
by_pitch.47.midi,12,0.0833,8.3%
by_pitch.47.spn,12,0.0833,8.3%
by_pitch.56.any,12,0.0,0.0%
by_pitch.56.doremi,12,0.5,50.0%
by_pitch.56.hz,12,0.0,0.0%
by_pitch.56.midi,12,0.0,0.0%
by_pitch.56.spn,12,0.0,0.0%
by_pitch.65.any,12,0.25,25.0%
by_pitch.65.doremi,12,0.0,0.0%
by_pitch.65.hz,12,0.0833,8.3%
by_pitch.65.midi,12,0.1667,16.7%
by_pitch.65.spn,12,0.0833,8.3%
by_pitch.74.any,12,0.0833,8.3%
by_pitch.74.doremi,12,0.0833,8.3%
by_pitch.74.hz,12,0.0,0.0%
by_pitch.74.midi,12,0.0,0.0%
by_pitch.74.spn,12,0.0833,8.3%
by_pitch.83.any,12,0.0833,8.3%
by_pitch.83.doremi,12,0.0833,8.3%
by_pitch.83.hz,12,0.0,0.0%
by_pitch.83.midi,12,0.0833,8.3%
by_pitch.83.spn,12,0.0,0.0%
